2016 08 28 15 14 4.649000e+01 -137.579377 75.803928 57820.267791 -16.379607 57836.6
2016 08 28 15 15 4.649000e+01 -137.591848 75.803785 57816.944301 -16.265617 57833.2
2016 08 28 15 16 4.649000e+01 -137.604660 75.803513 57813.184458 -16.156336 57829.3
2016 08 28 15 17 4.649000e+01 -137.617810 75.803133 57809.135009 -16.051480 57825.2
2016 08 28 15 18 4.649000e+01 -137.631125 75.802700 57805.174130 -15.950873 57821.1
2016 08 28 15 19 4.649000e+01 -137.644590 75.802253 57800.914968 -15.856129 57816.8
2016 08 28 15 20 4.649000e+01 -137.658107 75.801837 57796.062488 -15.770642 57811.8
2016 08 28 15 21 4.649000e+01 -137.671587 75.801422 57791.270522 -15.696785 57807
2016 08 28 15 22 4.649000e+01 -137.685127 75.801012 57786.536284 -15.632603 57802.2
2016 08 28 15 23 4.649000e+01 -137.698682 75.800608 57781.288134 -15.578401 57796.9
2016 08 28 15 24 4.649000e+01 -137.712435 75.800163 57775.970782 -15.537021 57791.5
2016 08 28 15 25 4.649000e+01 -137.726427 75.799755 57770.871933 -15.506345 57786.4
2016 08 28 15 26 4.649000e+01 -137.740397 75.799338 57765.784648 -15.480560 57781.3
2016 08 28 15 27 4.649000e+01 -137.754358 75.799010 57760.370308 -15.458065 57775.8
2016 08 28 15 28 4.649000e+01 -137.768427 75.798842 57755.030188 -15.441051 57770.5
2016 08 28 15 29 4.649000e+01 -137.782485 75.798713 57750.216526 -15.429653 57765.6
2016 08 28 15 30 4.649000e+01 -137.796423 75.798627 57745.372017 -15.420142 57760.8
2016 08 28 15 31 4.649000e+01 -137.810362 75.798537 57740.423760 -15.408708 57755.8
2016 08 28 15 32 4.649000e+01 -137.824555 75.798417 57735.799174 -15.392957 57751.2
2016 08 28 15 33 4.649000e+01 -137.838870 75.798357 57731.657255 -15.371819 57747
2016 08 28 15 34 4.649000e+01 -137.853150 75.798267 57727.846161 -15.350110 57743.2
2016 08 28 15 35 4.649000e+01 -137.867487 75.798155 57724.134424 -15.329896 57739.5
2016 08 28 15 36 4.649000e+01 -137.881870 75.798115 57720.515811 -15.309649 57735.8
2016 08 28 15 37 4.649000e+01 -137.896242 75.798073 57716.897199 -15.288199 57732.2
2016 08 28 15 38 4.649000e+01 -137.910603 75.797973 57713.278587 -15.262717 57728.5
2016 08 28 15 39 4.649000e+01 -137.924993 75.797860 57709.896602 -15.231958 57725.1
2016 08 28 15 40 4.649000e+01 -137.939472 75.797797 57706.874840 -15.196231 57722.1
2016 08 28 15 41 4.649000e+01 -137.953895 75.797715 57704.206549 -15.157068 57719.4
2016 08 28 15 42 4.649000e+01 -137.968378 75.797640 57702.220288 -15.114042 57717.3
2016 08 28 15 43 4.649000e+01 -137.982847 75.797550 57700.484491 -15.063944 57715.5
2016 08 28 15 44 4.649000e+01 -137.997175 75.797423 57698.830943 -15.005796 57713.8
2016 08 28 15 45 4.649000e+01 -138.011612 75.797350 57697.183097 -14.941437 57712.1
2016 08 28 15 46 4.649000e+01 -138.026067 75.797285 57695.603185 -14.870345 57710.5
2016 08 28 15 47 4.649000e+01 -138.040493 75.797200 57694.306036 -14.791602 57709.1
2016 08 28 15 48 4.649000e+01 -138.054877 75.797148 57693.308354 -14.710340 57708
2016 08 28 15 49 4.649000e+01 -138.069250 75.797128 57692.392450 -14.631960 57707
2016 08 28 15 50 4.649000e+01 -138.083683 75.797095 57691.563474 -14.560845 57706.1
2016 08 28 15 51 4.649000e+01 -138.098062 75.797043 57690.752852 -14.495700 57705.2
2016 08 28 15 52 4.649000e+01 -138.112325 75.796957 57690.018727 -14.434062 57704.5
2016 08 28 15 53 4.649000e+01 -138.126483 75.796852 57689.480622 -14.375543 57703.9
2016 08 28 15 54 4.649000e+01 -138.140697 75.796760 57688.687596 -14.323939 57703
2016 08 28 15 55 4.649000e+01 -138.154973 75.796732 57688.074268 -14.276874 57702.4
2016 08 28 15 56 4.649000e+01 -138.169172 75.796715 57687.433729 -14.232281 57701.7
2016 08 28 15 57 4.649000e+01 -138.183370 75.796643 57687.436334 -14.190607 57701.6
2016 08 28 15 58 4.649000e+01 -138.197562 75.796540 57687.481804 -14.151010 57701.6
2016 08 28 15 59 4.649000e+01 -138.211688 75.796433 57687.200466 -14.112521 57701.3
2016 08 28 16 00 4.649000e+01 -138.225783 75.796310 57687.193107 -14.075274 57701.3
2016 08 28 16 01 4.649000e+01 -138.239885 75.796267 57687.153103 -14.038370 57701.2
2016 08 28 16 02 4.649000e+01 -138.253878 75.796242 57687.153568 -14.000382 57701.2
2016 08 28 16 03 4.649000e+01 -138.267895 75.796180 57686.809134 -13.962249 57700.8
2016 08 28 16 04 4.649000e+01 -138.282135 75.796128 57686.630328 -13.928973 57700.6
2016 08 28 16 05 4.649000e+01 -138.296610 75.796030 57686.737920 -13.902976 57700.6
2016 08 28 16 06 4.649000e+01 -138.311208 75.795945 57686.815359 -13.884193 57700.7
2016 08 28 16 07 4.649000e+01 -138.325885 75.795902 57687.212390 -13.874327 57701.1
2016 08 28 16 08 4.649000e+01 -138.340560 75.795785 57687.645831 -13.866844 57701.5
2016 08 28 16 09 4.649000e+01 -138.355217 75.795635 57687.998895 -13.859203 57701.9
2016 08 28 16 10 4.649000e+01 -138.369807 75.795418 57688.585723 -13.851691 57702.4
2016 08 28 16 11 4.649000e+01 -138.384525 75.795323 57689.363990 -13.844823 57703.2
2016 08 28 16 12 4.649000e+01 -138.399248 75.795250 57690.219614 -13.837828 57704.1
2016 08 28 16 13 4.649000e+01 -138.413940 75.795105 57691.073689 -13.830384 57704.9
2016 08 28 16 14 4.649000e+01 -138.428625 75.794900 57692.050167 -13.824874 57705.9
2016 08 28 16 15 4.649000e+01 -138.443332 75.794722 57693.212225 -13.821841 57707
2016 08 28 16 16 4.649000e+01 -138.457908 75.794497 57694.350041 -13.821378 57708.2
2016 08 28 16 17 4.649000e+01 -138.472328 75.794302 57695.312904 -13.827176 57709.1
2016 08 28 16 18 4.649000e+01 -138.486737 75.794115 57696.423600 -13.842120 57710.3
2016 08 28 16 19 4.649000e+01 -138.501120 75.793918 57697.417058 -13.862534 57711.3
2016 08 28 16 20 4.649000e+01 -138.515480 75.793703 57698.190335 -13.883417 57712.1
2016 08 28 16 21 4.649000e+01 -138.529810 75.793485 57699.256100 -13.904742 57713.2
2016 08 28 16 22 4.649000e+01 -138.544203 75.793307 57700.198832 -13.932156 57714.1
2016 08 28 16 23 4.649000e+01 -138.558498 75.793105 57701.197336 -13.967079 57715.2
2016 08 28 16 24 4.649000e+01 -138.572850 75.792877 57702.152452 -14.007395 57716.2
2016 08 28 16 25 4.649000e+01 -138.587132 75.792670 57703.192835 -14.050327 57717.2
2016 08 28 16 26 4.649000e+01 -138.601422 75.792480 57704.085418 -14.092375 57718.2
2016 08 28 16 27 4.649000e+01 -138.615730 75.792307 57704.514516 -14.133894 57718.6
2016 08 28 16 28 4.649000e+01 -138.630102 75.792118 57705.037560 -14.182054 57719.2
2016 08 28 16 29 4.649000e+01 -138.644395 75.791902 57705.389567 -14.240451 57719.6
2016 08 28 16 30 4.649000e+01 -138.658592 75.791662 57705.455935 -14.308230 57719.8
2016 08 28 16 31 4.649000e+01 -138.672875 75.791442 57705.545716 -14.379943 57719.9
2016 08 28 16 32 4.649000e+01 -138.687198 75.791203 57705.388002 -14.452106 57719.8
2016 08 28 16 33 4.649000e+01 -138.701537 75.790962 57704.864768 -14.523230 57719.4
2016 08 28 16 34 4.649000e+01 -138.715820 75.790752 57704.526201 -14.593452 57719.1
2016 08 28 16 35 4.649000e+01 -138.729973 75.790502 57703.951451 -14.664098 57718.6
2016 08 28 16 36 4.649000e+01 -138.744130 75.790252 57703.119001 -14.735375 57717.9
2016 08 28 16 37 4.649000e+01 -138.758465 75.790058 57702.028987 -14.806671 57716.8
2016 08 28 16 38 4.649000e+01 -138.772713 75.789818 57700.860301 -14.876550 57715.7
2016 08 28 16 39 4.649000e+01 -138.786988 75.789627 57699.778737 -14.945933 57714.7
2016 08 28 16 40 4.649000e+01 -138.801222 75.789477 57698.528040 -15.020141 57713.5
2016 08 28 16 41 4.649000e+01 -138.815438 75.789325 57696.816345 -15.097050 57711.9
2016 08 28 16 42 4.649000e+01 -138.829680 75.789162 57695.282652 -15.171962 57710.5
2016 08 28 16 43 4.649000e+01 -138.843937 75.788990 57693.789930 -15.244450 57709
2016 08 28 16 44 4.649000e+01 -138.858188 75.788795 57692.132525 -15.312692 57707.4
2016 08 28 16 45 4.649000e+01 -138.872410 75.788567 57690.549516 -15.378855 57705.9
2016 08 28 16 46 4.649000e+01 -138.886670 75.788418 57688.649172 -15.444425 57704.1
2016 08 28 16 47 4.649000e+01 -138.900855 75.788247 57686.952278 -15.507961 57702.5
2016 08 28 16 48 4.649000e+01 -138.915070 75.788130 57685.136816 -15.568921 57700.7
2016 08 28 16 49 4.649000e+01 -138.929295 75.787967 57683.665148 -15.627027 57699.3
2016 08 28 16 50 4.649000e+01 -138.943473 75.787747 57682.264890 -15.682595 57697.9
2016 08 28 16 51 4.649000e+01 -138.957715 75.787580 57680.790168 -15.735107 57696.5
2016 08 28 16 52 4.649000e+01 -138.971978 75.787437 57679.394510 -15.785716 57695.2
2016 08 28 16 53 4.649000e+01 -138.986243 75.787292 57678.053465 -15.837689 57693.9
2016 08 28 16 54 4.649000e+01 -139.000508 75.787118 57676.720381 -15.892217 57692.6
2016 08 28 16 55 4.649000e+01 -139.014715 75.786988 57675.189567 -15.949445 57691.1
2016 08 28 16 56 4.649000e+01 -139.028890 75.786808 57673.844616 -16.006784 57689.9
2016 08 28 16 57 4.649000e+01 -139.043127 75.786625 57672.638638 -16.067732 57688.7
2016 08 28 16 58 4.649000e+01 -139.057408 75.786405 57671.372645 -16.134802 57687.5
2016 08 28 16 59 4.649000e+01 -139.071712 75.786158 57670.080189 -16.204446 57686.3
2016 08 28 17 00 4.649000e+01 -139.085982 75.785922 57668.912763 -16.276228 57685.2
2016 08 28 17 01 4.649000e+01 -139.100770 75.785772 57668.086384 -16.348442 57684.4
2016 08 28 17 02 4.649000e+01 -139.114607 75.785555 57667.158574 -16.422500 57683.6
2016 08 28 17 03 4.649000e+01 -139.128977 75.785315 57666.239769 -16.499184 57682.7
2016 08 28 17 04 4.949000e+01 -139.143783 75.785073 57665.672093 -16.581211 57682.3
2016 08 28 17 05 4.949000e+01 -139.158068 75.784788 57665.008361 -16.658060 57681.7
2016 08 28 17 06 4.949000e+01 -139.172368 75.784527 57664.505583 -16.733755 57681.2
2016 08 28 17 07 4.949000e+01 -139.186652 75.784285 57664.214709 -16.811639 57681
2016 08 28 17 08 4.949000e+01 -139.200892 75.784028 57663.773432 -16.891654 57680.7
2016 08 28 17 09 4.949000e+01 -139.215125 75.783770 57663.292620 -16.971439 57680.3
2016 08 28 17 10 4.949000e+01 -139.229305 75.783502 57663.001189 -17.050294 57680.1
2016 08 28 17 11 4.949000e+01 -139.243523 75.783295 57662.807553 -17.128093 57679.9
2016 08 28 17 12 4.949000e+01 -139.257725 75.783045 57662.909745 -17.205352 57680.1
2016 08 28 17 13 4.949000e+01 -139.271995 75.782822 57662.969993 -17.285702 57680.3
2016 08 28 17 14 4.949000e+01 -139.286283 75.782582 57662.677937 -17.371583 57680
2016 08 28 17 15 4.949000e+01 -139.300590 75.782385 57662.450270 -17.459466 57679.9
2016 08 28 17 16 4.949000e+01 -139.314962 75.782165 57662.631949 -17.543108 57680.2
2016 08 28 17 17 4.949000e+01 -139.329298 75.781910 57662.997514 -17.620706 57680.6
2016 08 28 17 18 4.949000e+01 -139.343560 75.781597 57663.440957 -17.695284 57681.1
2016 08 28 17 19 4.949000e+01 -139.357968 75.781342 57663.872539 -17.773695 57681.6
2016 08 28 17 20 4.949000e+01 -139.372435 75.781190 57664.223929 -17.855830 57682.1
2016 08 28 17 21 4.949000e+01 -139.386912 75.781068 57664.687706 -17.936703 57682.6
2016 08 28 17 22 4.949000e+01 -139.401360 75.780955 57665.037832 -18.012809 57683.1
2016 08 28 17 23 4.949000e+01 -139.415817 75.780847 57665.285329 -18.082823 57683.4
2016 08 28 17 24 4.949000e+01 -139.430358 75.780722 57665.742157 -18.146845 57683.9
2016 08 28 17 25 4.949000e+01 -139.444907 75.780622 57665.942312 -18.209244 57684.2
2016 08 28 17 26 4.949000e+01 -139.459412 75.780500 57666.136186 -18.274276 57684.4
2016 08 28 17 27 4.949000e+01 -139.474163 75.780402 57666.583485 -18.342495 57684.9
2016 08 28 17 28 4.949000e+01 -139.488527 75.780317 57666.877052 -18.412786 57685.3
2016 08 28 17 29 4.949000e+01 -139.502800 75.780208 57666.721549 -18.482343 57685.2
2016 08 28 17 30 4.949000e+01 -139.516712 75.780107 57666.675571 -18.548294 57685.2
2016 08 28 17 31 4.949000e+01 -139.531015 75.779983 57667.128533 -18.614085 57685.7
2016 08 28 17 32 4.949000e+01 -139.544823 75.779865 57667.705748 -18.686979 57686.4
2016 08 28 17 33 4.949000e+01 -139.558743 75.779745 57668.189660 -18.767986 57687
2016 08 28 17 34 4.949000e+01 -139.572623 75.779670 57668.682103 -18.852047 57687.5
2016 08 28 17 35 4.949000e+01 -139.586682 75.779567 57668.952222 -18.934897 57687.9
2016 08 28 17 36 4.949000e+01 -139.600370 75.779423 57669.280595 -19.013867 57688.3
2016 08 28 17 37 4.949000e+01 -139.614300 75.779310 57669.532116 -19.088362 57688.6
2016 08 28 17 38 4.949000e+01 -139.628288 75.779212 57669.404920 -19.159730 57688.6
2016 08 28 17 39 4.949000e+01 -139.642330 75.779103 57669.543400 -19.228715 57688.8
2016 08 28 17 40 4.949000e+01 -139.656418 75.778965 57670.095687 -19.297884 57689.4
2016 08 28 17 41 4.949000e+01 -139.670480 75.778787 57671.011318 -19.365428 57690.4
2016 08 28 17 42 4.949000e+01 -139.684587 75.778632 57672.487332 -19.427958 57691.9
2016 08 28 17 43 4.949000e+01 -139.698735 75.778505 57673.812635 -19.485491 57693.3
2016 08 28 17 44 4.949000e+01 -139.712918 75.778347 57674.876152 -19.540710 57694.4
2016 08 28 17 45 4.949000e+01 -139.727163 75.778227 57676.210930 -19.596316 57695.8
2016 08 28 17 46 4.949000e+01 -139.741390 75.778118 57677.509856 -19.654152 57697.2
2016 08 28 17 47 4.949000e+01 -139.755632 75.777960 57678.835041 -19.714123 57698.5
2016 08 28 17 48 4.949000e+01 -139.769858 75.777875 57680.255846 -19.774121 57700
2016 08 28 17 49 4.949000e+01 -139.784153 75.777775 57681.447875 -19.833580 57701.3
2016 08 28 17 50 4.949000e+01 -139.798417 75.777633 57682.896485 -19.893610 57702.8
2016 08 28 17 51 4.949000e+01 -139.812680 75.777463 57684.653190 -19.958012 57704.6
2016 08 28 17 52 4.949000e+01 -139.826975 75.777302 57686.432303 -20.025091 57706.5
2016 08 28 17 53 4.949000e+01 -139.841260 75.777150 57688.063282 -20.087973 57708.2
2016 08 28 17 54 4.949000e+01 -139.855753 75.777000 57689.820160 -20.140698 57710
2016 08 28 17 55 4.949000e+01 -139.869985 75.776837 57691.901495 -20.182444 57712.1
2016 08 28 17 56 4.949000e+01 -139.884178 75.776602 57694.238467 -20.215784 57714.5
2016 08 28 17 57 4.949000e+01 -139.898485 75.776428 57696.783860 -20.248137 57717
2016 08 28 17 58 4.949000e+01 -139.912843 75.776332 57699.345368 -20.281972 57719.6
2016 08 28 17 59 4.949000e+01 -139.927218 75.776223 57702.190310 -20.319006 57722.5
2016 08 28 18 00 4.949000e+01 -139.941560 75.776072 57705.168652 -20.360058 57725.5
2016 08 28 18 01 4.949000e+01 -139.955883 75.775892 57708.338010 -20.406009 57728.7
2016 08 28 18 02 4.949000e+01 -139.970210 75.775712 57712.351025 -20.455637 57732.8
2016 08 28 18 03 4.949000e+01 -139.984580 75.775583 57716.360543 -20.505649 57736.9
2016 08 28 18 04 5.249000e+01 -139.999255 75.775443 57720.181446 -20.555151 57740.7
2016 08 28 18 05 5.249000e+01 -140.013640 75.775357 57723.963038 -20.598090 57744.6
2016 08 28 18 06 5.249000e+01 -140.027998 75.775283 57727.927617 -20.640155 57748.6
2016 08 28 18 07 5.249000e+01 -140.042305 75.775195 57731.945306 -20.683899 57752.6
2016 08 28 18 08 5.249000e+01 -140.056497 75.775150 57735.403142 -20.729791 57756.1
2016 08 28 18 09 5.249000e+01 -140.070748 75.775038 57738.952874 -20.777810 57759.7
2016 08 28 18 10 5.249000e+01 -140.085010 75.774892 57743.084532 -20.825949 57763.9
2016 08 28 18 11 5.249000e+01 -140.099278 75.774773 57747.172574 -20.872187 57768
2016 08 28 18 12 5.249000e+01 -140.113490 75.774657 57751.219214 -20.912811 57772.1
2016 08 28 18 13 5.249000e+01 -140.127718 75.774533 57755.395989 -20.946331 57776.3
2016 08 28 18 14 5.249000e+01 -140.141998 75.774398 57759.568237 -20.975773 57780.5
2016 08 28 18 15 5.249000e+01 -140.156342 75.774343 57763.958125 -21.003348 57785
2016 08 28 18 16 5.249000e+01 -140.170623 75.774248 57768.277126 -21.033421 57789.3
2016 08 28 18 17 5.249000e+01 -140.184967 75.774088 57771.820824 -21.068464 57792.9
2016 08 28 18 18 5.249000e+01 -140.199290 75.773938 57774.826256 -21.105780 57795.9
2016 08 28 18 19 5.249000e+01 -140.213598 75.773792 57777.366174 -21.142358 57798.5
2016 08 28 18 20 5.249000e+01 -140.227957 75.773652 57779.730444 -21.176045 57800.9
2016 08 28 18 21 5.249000e+01 -140.242468 75.773567 57782.199264 -21.206191 57803.4
2016 08 28 18 22 5.249000e+01 -140.256785 75.773438 57784.162954 -21.232985 57805.4
2016 08 28 18 23 5.249000e+01 -140.271152 75.773248 57785.623255 -21.255392 57806.9
2016 08 28 18 24 5.249000e+01 -140.285573 75.773045 57786.535633 -21.273995 57807.8
2016 08 28 18 25 5.249000e+01 -140.299915 75.772887 57786.907891 -21.291593 57808.2
2016 08 28 18 26 5.249000e+01 -140.314282 75.772830 57786.999250 -21.311456 57808.3
2016 08 28 18 27 5.249000e+01 -140.328662 75.772737 57786.669988 -21.335082 57808
2016 08 28 18 28 5.249000e+01 -140.343037 75.772623 57785.955040 -21.358381 57807.3
2016 08 28 18 29 5.249000e+01 -140.357413 75.772492 57784.954397 -21.380460 57806.3
2016 08 28 18 30 5.249000e+01 -140.371582 75.772388 57783.865840 -21.397254 57805.3
2016 08 28 18 31 5.249000e+01 -140.386235 75.772278 57782.548187 -21.415179 57804
2016 08 28 18 32 5.249000e+01 -140.400665 75.772162 57780.924888 -21.437979 57802.4
2016 08 28 18 33 5.249000e+01 -140.415157 75.772088 57779.036598 -21.463461 57800.5
2016 08 28 18 34 5.249000e+01 -140.429312 75.771967 57777.138417 -21.485791 57798.6
2016 08 28 18 35 5.249000e+01 -140.443493 75.771860 57775.399056 -21.500152 57796.9
2016 08 28 18 36 5.249000e+01 -140.457598 75.771725 57773.408780 -21.508094 57794.9
2016 08 28 18 37 5.249000e+01 -140.471882 75.771590 57771.666197 -21.514709 57793.2
2016 08 28 18 38 5.249000e+01 -140.485597 75.771435 57770.094701 -21.520206 57791.6
2016 08 28 18 39 5.249000e+01 -140.499635 75.771278 57768.591953 -21.522170 57790.1
2016 08 28 18 40 5.249000e+01 -140.513662 75.771137 57767.119380 -21.522720 57788.6
2016 08 28 18 41 5.249000e+01 -140.527680 75.771042 57765.853056 -21.525332 57787.4
2016 08 28 18 42 5.249000e+01 -140.541687 75.770872 57765.147015 -21.531974 57786.7
2016 08 28 18 43 5.249000e+01 -140.555667 75.770707 57764.021790 -21.544030 57785.6
2016 08 28 18 44 5.249000e+01 -140.569722 75.770565 57762.617329 -21.559077 57784.2
2016 08 28 18 45 5.249000e+01 -140.583918 75.770490 57762.037367 -21.574472 57783.6
2016 08 28 18 46 5.249000e+01 -140.598235 75.770413 57762.281416 -21.588184 57783.9
2016 08 28 18 47 5.249000e+01 -140.612620 75.770363 57762.613111 -21.605394 57784.2
2016 08 28 18 48 5.249000e+01 -140.627252 75.770262 57762.712598 -21.624608 57784.3
2016 08 28 18 49 5.249000e+01 -140.641722 75.770173 57762.960173 -21.643280 57784.6
2016 08 28 18 50 5.249000e+01 -140.656138 75.770047 57763.995785 -21.661527 57785.7
2016 08 28 18 51 5.249000e+01 -140.670575 75.769990 57765.336783 -21.679463 57787
2016 08 28 18 52 5.249000e+01 -140.685038 75.769915 57767.012298 -21.694813 57788.7
2016 08 28 18 53 5.249000e+01 -140.699458 75.769803 57768.760253 -21.708696 57790.5
2016 08 28 18 54 5.249000e+01 -140.713848 75.769677 57770.078409 -21.725911 57791.8
2016 08 28 18 55 5.249000e+01 -140.728230 75.769565 57771.407402 -21.748091 57793.2
2016 08 28 18 56 5.249000e+01 -140.742607 75.769473 57773.179343 -21.774462 57795
2016 08 28 18 57 5.249000e+01 -140.756990 75.769383 57774.938936 -21.803470 57796.7
2016 08 28 18 58 5.249000e+01 -140.771347 75.769317 57776.074838 -21.831538 57797.9
2016 08 28 18 59 5.249000e+01 -140.785760 75.769262 57777.096210 -21.858855 57799
2016 08 28 19 00 5.249000e+01 -140.800168 75.769210 57777.713312 -21.889008 57799.6
2016 08 28 19 01 5.249000e+01 -140.814333 75.769097 57778.138666 -21.919656 57800.1
2016 08 28 19 02 5.249000e+01 -140.828928 75.768938 57778.493484 -21.945918 57800.4
2016 08 28 19 03 5.249000e+01 -140.843337 75.768828 57778.208701 -21.966556 57800.2
2016 08 28 19 04 5.249000e+01 -140.857752 75.768733 57777.329910 -21.982835 57799.3
2016 08 28 19 05 5.249000e+01 -140.871842 75.768635 57776.198804 -21.997133 57798.2
2016 08 28 19 06 5.249000e+01 -140.886097 75.768540 57774.514437 -22.009438 57796.5
2016 08 28 19 07 5.249000e+01 -140.900318 75.768462 57772.076918 -22.018262 57794.1
2016 08 28 19 08 5.249000e+01 -140.914538 75.768388 57769.421040 -22.020514 57791.4
2016 08 28 19 09 5.249000e+01 -140.928783 75.768360 57766.405091 -22.018693 57788.4
2016 08 28 19 10 5.249000e+01 -140.942880 75.768288 57762.897457 -22.016727 57784.9
2016 08 28 19 11 5.249000e+01 -140.956960 75.768178 57759.102627 -22.018600 57781.1
2016 08 28 19 12 5.249000e+01 -140.971027 75.767988 57755.235591 -22.021295 57777.3
2016 08 28 19 13 5.249000e+01 -140.985067 75.767747 57750.822648 -22.017848 57772.8
2016 08 28 19 14 5.249000e+01 -140.999325 75.767487 57745.960927 -22.008259 57768
2016 08 28 19 15 5.249000e+01 -141.013325 75.767227 57741.199461 -22.000959 57763.2
2016 08 28 19 16 5.249000e+01 -141.027403 75.766953 57736.609606 -22.002180 57758.6
2016 08 28 19 17 5.249000e+01 -141.041397 75.766678 57731.845289 -22.007743 57753.9
2016 08 28 19 18 5.249000e+01 -141.055462 75.766408 57726.800128 -22.012854 57748.8
2016 08 28 19 19 5.249000e+01 -141.069533 75.766137 57721.803071 -22.020126 57743.8
2016 08 28 19 20 5.249000e+01 -141.083593 75.765860 57716.813877 -22.029840 57738.8
2016 08 28 19 21 5.249000e+01 -141.097663 75.765597 57712.034154 -22.046232 57734.1
2016 08 28 19 22 5.249000e+01 -141.111728 75.765325 57707.582430 -22.071367 57729.7
2016 08 28 19 23 5.249000e+01 -141.125765 75.765128 57703.561565 -22.104472 57725.7
2016 08 28 19 24 5.249000e+01 -141.139830 75.764900 57699.699213 -22.143032 57721.8
2016 08 28 19 25 5.249000e+01 -141.153887 75.764653 57695.921449 -22.178643 57718.1
2016 08 28 19 26 5.249000e+01 -141.167915 75.764415 57692.287018 -22.206026 57714.5
2016 08 28 19 27 5.249000e+01 -141.182002 75.764162 57688.875644 -22.229346 57711.1
2016 08 28 19 28 5.249000e+01 -141.196087 75.763870 57685.839506 -22.253530 57708.1
2016 08 28 19 29 5.249000e+01 -141.210142 75.763580 57683.172139 -22.281740 57705.5
2016 08 28 19 30 5.249000e+01 -141.224277 75.763310 57680.686258 -22.313963 57703
2016 08 28 19 31 5.249000e+01 -141.238438 75.763090 57678.073959 -22.344539 57700.4
2016 08 28 19 32 5.249000e+01 -141.252697 75.762883 57675.735843 -22.366930 57698.1
2016 08 28 19 33 5.249000e+01 -141.266798 75.762702 57674.571127 -22.381101 57697
2016 08 28 19 34 5.249000e+01 -141.281258 75.762482 57674.283113 -22.392604 57696.7
2016 08 28 19 35 5.249000e+01 -141.295490 75.762255 57674.174477 -22.407389 57696.6
2016 08 28 19 36 5.249000e+01 -141.309455 75.761958 57674.196505 -22.424664 57696.6
2016 08 28 19 37 5.249000e+01 -141.323928 75.761623 57673.900242 -22.443342 57696.3
2016 08 28 19 38 5.249000e+01 -141.337933 75.761383 57673.520574 -22.460797 57696
2016 08 28 19 39 5.249000e+01 -141.352253 75.761152 57673.991034 -22.472342 57696.5
2016 08 28 19 40 5.249000e+01 -141.366498 75.760917 57675.550666 -22.480773 57698
2016 08 28 19 41 5.249000e+01 -141.381028 75.760693 57677.738011 -22.483567 57700.2
2016 08 28 19 42 5.249000e+01 -141.395243 75.760462 57679.924167 -22.482322 57702.4
2016 08 28 19 43 5.249000e+01 -141.409520 75.760222 57682.155973 -22.480718 57704.6
2016 08 28 19 44 5.249000e+01 -141.423875 75.760032 57684.360933 -22.482350 57706.8
2016 08 28 19 45 5.249000e+01 -141.438277 75.759810 57686.813506 -22.485705 57709.3
2016 08 28 19 46 5.249000e+01 -141.452692 75.759600 57689.796499 -22.485381 57712.3
2016 08 28 19 47 5.249000e+01 -141.466998 75.759383 57693.019426 -22.480305 57715.5
2016 08 28 19 48 5.249000e+01 -141.481370 75.759165 57696.558394 -22.473168 57719
2016 08 28 19 49 5.249000e+01 -141.495688 75.758942 57699.981965 -22.464058 57722.4
2016 08 28 19 50 5.249000e+01 -141.509852 75.758717 57703.622821 -22.451446 57726.1
2016 08 28 19 51 5.249000e+01 -141.523832 75.758513 57707.838773 -22.437587 57730.3
2016 08 28 19 52 5.249000e+01 -141.537723 75.758357 57712.291243 -22.426467 57734.7
2016 08 28 19 53 5.249000e+01 -141.551597 75.758165 57716.942207 -22.417807 57739.4
2016 08 28 19 54 5.249000e+01 -141.565393 75.757950 57721.913136 -22.406889 57744.3
2016 08 28 19 55 5.249000e+01 -141.579227 75.757697 57726.977176 -22.396425 57749.4
2016 08 28 19 56 5.249000e+01 -141.593100 75.757452 57731.728740 -22.390043 57754.1
2016 08 28 19 57 5.249000e+01 -141.606998 75.757198 57736.651824 -22.384417 57759
2016 08 28 19 58 5.249000e+01 -141.620990 75.756950 57742.109063 -22.380117 57764.5
2016 08 28 19 59 5.249000e+01 -141.634923 75.756750 57747.273470 -22.377500 57769.7
2016 08 28 20 00 5.249000e+01 -141.648940 75.756597 57751.997975 -22.375522 57774.4
2016 08 28 20 01 5.249000e+01 -141.662978 75.756455 57756.522430 -22.375876 57778.9
2016 08 28 20 02 5.249000e+01 -141.677005 75.756262 57761.104986 -22.378365 57783.5
2016 08 28 20 03 5.249000e+01 -141.691040 75.756028 57765.922978 -22.380190 57788.3
2016 08 28 20 04 5.249000e+01 -141.705082 75.755848 57770.844007 -22.380694 57793.2
2016 08 28 20 05 5.249000e+01 -141.719082 75.755645 57775.458916 -22.380794 57797.8
2016 08 28 20 06 5.249000e+01 -141.733057 75.755388 57778.833259 -22.381603 57801.2
2016 08 28 20 07 5.249000e+01 -141.746822 75.755185 57781.636302 -22.385220 57804
2016 08 28 20 08 5.249000e+01 -141.761032 75.754982 57784.569785 -22.393844 57807
2016 08 28 20 09 5.249000e+01 -141.774990 75.754797 57787.656332 -22.406788 57810.1
2016 08 28 20 10 5.249000e+01 -141.788920 75.754543 57790.900238 -22.421475 57813.3
2016 08 28 20 11 5.249000e+01 -141.802807 75.754282 57793.902542 -22.439175 57816.3
2016 08 28 20 12 5.249000e+01 -141.816630 75.754060 57796.353256 -22.458915 57818.8
2016 08 28 20 13 5.249000e+01 -141.830512 75.753853 57798.225617 -22.478860 57820.7
2016 08 28 20 14 5.249000e+01 -141.844402 75.753627 57799.834563 -22.495025 57822.3
2016 08 28 20 15 5.249000e+01 -141.858335 75.753427 57801.275494 -22.507852 57823.8
2016 08 28 20 16 5.249000e+01 -141.872302 75.753215 57802.758093 -22.521762 57825.3
2016 08 28 20 17 5.249000e+01 -141.886238 75.752953 57804.215476 -22.536615 57826.8
2016 08 28 20 18 5.249000e+01 -141.900230 75.752677 57805.921275 -22.550549 57828.5
2016 08 28 20 19 5.249000e+01 -141.914203 75.752408 57808.187387 -22.561701 57830.7
2016 08 28 20 20 5.249000e+01 -141.928263 75.752168 57810.136042 -22.572165 57832.7
2016 08 28 20 21 5.249000e+01 -141.942343 75.751928 57811.656072 -22.582755 57834.2
2016 08 28 20 22 5.249000e+01 -141.956452 75.751710 57812.981900 -22.590624 57835.6
2016 08 28 20 23 5.249000e+01 -141.970547 75.751500 57814.155618 -22.593029 57836.7
2016 08 28 20 24 5.249000e+01 -141.984713 75.751307 57815.107900 -22.592872 57837.7
2016 08 28 20 25 5.249000e+01 -141.999013 75.751073 57815.714848 -22.594023 57838.3
2016 08 28 20 26 5.249000e+01 -142.013007 75.750800 57816.607752 -22.595760 57839.2
2016 08 28 20 27 5.249000e+01 -142.027180 75.750533 57817.756665 -22.598225 57840.4
2016 08 28 20 28 5.249000e+01 -142.041208 75.750292 57818.597373 -22.604542 57841.2
2016 08 28 20 29 5.249000e+01 -142.055198 75.750085 57819.065705 -22.615434 57841.7
2016 08 28 20 30 5.249000e+01 -142.069107 75.749862 57819.415726 -22.626999 57842
2016 08 28 20 31 5.249000e+01 -142.083170 75.749640 57819.651565 -22.637599 57842.3
2016 08 28 20 32 5.249000e+01 -142.097260 75.749417 57819.868703 -22.640539 57842.5
2016 08 28 20 33 5.249000e+01 -142.111382 75.749178 57820.187691 -22.635641 57842.8
2016 08 28 20 34 5.249000e+01 -142.125532 75.748922 57820.271914 -22.624079 57842.9
2016 08 28 20 35 5.249000e+01 -142.139637 75.748628 57820.093867 -22.607696 57842.7
2016 08 28 20 36 5.249000e+01 -142.153757 75.748372 57819.633472 -22.590410 57842.2
2016 08 28 20 37 5.249000e+01 -142.167915 75.748183 57818.850739 -22.571111 57841.4
2016 08 28 20 38 5.249000e+01 -142.182087 75.748008 57817.915108 -22.547694 57840.5
2016 08 28 20 39 5.249000e+01 -142.196270 75.747790 57816.694236 -22.520943 57839.2
2016 08 28 20 40 5.249000e+01 -142.210410 75.747543 57815.450066 -22.493158 57837.9
2016 08 28 20 41 5.249000e+01 -142.224545 75.747318 57814.397575 -22.466880 57836.9
2016 08 28 20 42 5.249000e+01 -142.238735 75.747122 57813.099132 -22.443037 57835.5
2016 08 28 20 43 5.249000e+01 -142.252902 75.746930 57811.425913 -22.420307 57833.8
2016 08 28 20 44 5.249000e+01 -142.267118 75.746743 57809.432066 -22.398579 57831.8
2016 08 28 20 45 5.249000e+01 -142.281365 75.746595 57807.506532 -22.380986 57829.9
2016 08 28 20 46 5.249000e+01 -142.295610 75.746472 57805.797950 -22.368300 57828.2
2016 08 28 20 47 5.249000e+01 -142.309863 75.746347 57804.270351 -22.353879 57826.6
2016 08 28 20 48 5.249000e+01 -142.324078 75.746158 57803.068025 -22.328736 57825.4
2016 08 28 20 49 5.249000e+01 -142.338253 75.745975 57801.921792 -22.292025 57824.2
2016 08 28 20 50 5.249000e+01 -142.352378 75.745815 57800.611353 -22.251421 57822.9
2016 08 28 20 51 5.249000e+01 -142.366463 75.745677 57799.048553 -22.213190 57821.3
2016 08 28 20 52 5.249000e+01 -142.380438 75.745568 57797.429222 -22.173602 57819.6
2016 08 28 20 53 5.249000e+01 -142.394318 75.745463 57795.960900 -22.128881 57818.1
2016 08 28 20 54 5.249000e+01 -142.408140 75.745370 57794.599468 -22.083016 57816.7
2016 08 28 20 55 5.249000e+01 -142.421972 75.745258 57793.272480 -22.040085 57815.3
2016 08 28 20 56 5.249000e+01 -142.435798 75.745120 57792.182512 -22.002926 57814.2
2016 08 28 20 57 5.249000e+01 -142.449698 75.744978 57791.312988 -21.967689 57813.3
2016 08 28 20 58 5.249000e+01 -142.463650 75.744853 57790.564289 -21.932848 57812.5
2016 08 28 20 59 5.249000e+01 -142.477602 75.744720 57789.797448 -21.897700 57811.7
2016 08 28 21 00 5.249000e+01 -142.491578 75.744600 57788.752650 -21.859149 57810.6
2016 08 28 21 01 5.249000e+01 -142.505545 75.744473 57787.459877 -21.816626 57809.3
2016 08 28 21 02 5.249000e+01 -142.519480 75.744347 57786.159984 -21.772921 57807.9
2016 08 28 21 03 5.249000e+01 -142.533360 75.744163 57784.794694 -21.730331 57806.5
2016 08 28 21 04 5.549000e+01 -142.547748 75.743977 57783.177381 -21.689768 57804.9
2016 08 28 21 05 5.549000e+01 -142.561657 75.743847 57781.637082 -21.651684 57803.3
2016 08 28 21 06 5.549000e+01 -142.575530 75.743730 57779.943780 -21.608794 57801.6
2016 08 28 21 07 5.549000e+01 -142.589442 75.743618 57777.695338 -21.562109 57799.3
2016 08 28 21 08 5.549000e+01 -142.603450 75.743497 57775.640261 -21.519104 57797.2
2016 08 28 21 09 5.549000e+01 -142.617487 75.743422 57773.513267 -21.479291 57795
2016 08 28 21 10 5.549000e+01 -142.631607 75.743313 57771.162886 -21.440021 57792.6
2016 08 28 21 11 5.549000e+01 -142.645707 75.743187 57768.270415 -21.404436 57789.7
2016 08 28 21 12 5.549000e+01 -142.659888 75.743058 57765.011930 -21.371424 57786.4
2016 08 28 21 13 5.549000e+01 -142.674068 75.742955 57761.867870 -21.341515 57783.2
2016 08 28 21 14 5.549000e+01 -142.688277 75.742842 57758.805300 -21.315523 57780.1
2016 08 28 21 15 5.549000e+01 -142.702513 75.742708 57755.286067 -21.293858 57776.6
2016 08 28 21 16 5.549000e+01 -142.716680 75.742570 57751.619587 -21.276333 57772.9
2016 08 28 21 17 5.549000e+01 -142.730840 75.742437 57747.550745 -21.259422 57768.8
2016 08 28 21 18 5.549000e+01 -142.744980 75.742298 57743.642244 -21.242578 57764.9
2016 08 28 21 19 5.549000e+01 -142.759143 75.742127 57739.905095 -21.228647 57761.1
2016 08 28 21 20 5.549000e+01 -142.773290 75.741968 57735.409766 -21.217550 57756.6
2016 08 28 21 21 5.549000e+01 -142.787440 75.741825 57730.523410 -21.204379 57751.7
2016 08 28 21 22 5.549000e+01 -142.801590 75.741622 57725.946210 -21.182050 57747.1
2016 08 28 21 23 5.549000e+01 -142.815715 75.741487 57721.660048 -21.154744 57742.8
2016 08 28 21 24 5.549000e+01 -142.829907 75.741372 57716.921727 -21.125119 57738
2016 08 28 21 25 5.549000e+01 -142.844082 75.741228 57711.858498 -21.090436 57732.9
2016 08 28 21 26 5.549000e+01 -142.858315 75.741085 57706.900286 -21.045401 57727.9
2016 08 28 21 27 5.549000e+01 -142.872617 75.740953 57702.150046 -20.988406 57723.1
2016 08 28 21 28 5.549000e+01 -142.886918 75.740812 57697.890219 -20.923834 57718.8
2016 08 28 21 29 5.549000e+01 -142.901235 75.740673 57693.680384 -20.855405 57714.5
2016 08 28 21 30 5.549000e+01 -142.915458 75.740547 57689.241126 -20.784824 57710
2016 08 28 21 31 5.549000e+01 -142.929655 75.740448 57684.722382 -20.714150 57705.4
2016 08 28 21 32 5.549000e+01 -142.943733 75.740302 57680.682756 -20.648813 57701.3
2016 08 28 21 33 5.549000e+01 -142.957755 75.740137 57676.903551 -20.588124 57697.5
2016 08 28 21 34 5.549000e+01 -142.971778 75.739983 57673.659700 -20.531204 57694.2
2016 08 28 21 35 5.549000e+01 -142.985735 75.739833 57670.904998 -20.478562 57691.4
2016 08 28 21 36 5.549000e+01 -142.999717 75.739698 57668.216642 -20.430209 57688.6
2016 08 28 21 37 5.549000e+01 -143.013635 75.739515 57665.518183 -20.386964 57685.9
2016 08 28 21 38 5.549000e+01 -143.027550 75.739618 57662.446018 -20.347908 57682.8
2016 08 28 21 39 5.549000e+01 -143.041130 75.740317 57659.705862 -20.307841 57680
2016 08 28 21 40 5.549000e+01 -143.053770 75.741733 57657.352891 -20.265477 57677.6
2016 08 28 21 41 5.549000e+01 -143.065115 75.743635 57655.560665 -20.221078 57675.8
