2016 08 28 21 51 5.549000e+01 -143.028265 75.766498 57649.579582 -19.845597 57669.4
2016 08 28 21 54 5.549000e+01 -142.986205 75.767498 57654.073945 -19.777026 57673.9
2016 08 28 21 55 5.549000e+01 -142.972025 75.767515 57655.638366 -19.766207 57675.4
2016 08 28 21 56 5.549000e+01 -142.957853 75.767348 57657.713954 -19.754277 57677.5
2016 08 28 21 57 5.549000e+01 -142.943660 75.767142 57659.955040 -19.737311 57679.7
2016 08 28 21 58 5.549000e+01 -142.929530 75.766908 57662.181296 -19.722699 57681.9
2016 08 28 21 59 5.549000e+01 -142.915385 75.766660 57664.765873 -19.712869 57684.5
2016 08 28 22 00 5.549000e+01 -142.901233 75.766463 57667.477921 -19.703561 57687.2
2016 08 28 22 01 5.549000e+01 -142.887057 75.766290 57670.619580 -19.690432 57690.3
2016 08 28 22 02 5.549000e+01 -142.872883 75.766090 57674.419015 -19.670604 57694.1
2016 08 28 22 03 5.549000e+01 -142.858720 75.765857 57678.422180 -19.648324 57698.1
2016 08 28 22 04 5.549000e+01 -142.844617 75.765650 57682.434425 -19.633877 57702.1
2016 08 28 22 05 5.549000e+01 -142.830503 75.765547 57686.450709 -19.626337 57706.1
2016 08 28 22 06 5.549000e+01 -142.816318 75.765497 57690.323000 -19.616246 57709.9
2016 08 28 22 07 5.549000e+01 -142.802202 75.765592 57694.836542 -19.602507 57714.4
2016 08 28 22 08 5.549000e+01 -142.788168 75.765932 57699.511136 -19.585516 57719.1
2016 08 28 22 09 5.549000e+01 -142.774453 75.766643 57704.263622 -19.563976 57723.8
2016 08 28 22 10 5.549000e+01 -142.760820 75.767473 57708.816989 -19.535631 57728.4
2016 08 28 22 11 5.549000e+01 -142.747165 75.768352 57713.313730 -19.501324 57732.8
2016 08 28 22 12 5.549000e+01 -142.733477 75.769243 57718.336689 -19.475638 57737.8
2016 08 28 22 13 5.549000e+01 -142.719752 75.770085 57723.311218 -19.466469 57742.8
2016 08 28 22 14 5.549000e+01 -142.705975 75.770898 57727.942041 -19.464202 57747.4
2016 08 28 22 15 5.549000e+01 -142.692168 75.771730 57732.719730 -19.453039 57752.2
2016 08 28 22 16 5.549000e+01 -142.678440 75.772622 57737.594284 -19.430887 57757
2016 08 28 22 17 5.549000e+01 -142.664768 75.773562 57742.482257 -19.403532 57761.9
2016 08 28 22 18 5.549000e+01 -142.651108 75.774518 57747.173551 -19.366607 57766.5
2016 08 28 22 19 5.549000e+01 -142.637408 75.775403 57751.705631 -19.318636 57771
2016 08 28 22 20 5.549000e+01 -142.623675 75.776287 57756.676824 -19.274941 57776
2016 08 28 22 21 5.549000e+01 -142.609970 75.777208 57761.458044 -19.243880 57780.7
2016 08 28 22 22 5.549000e+01 -142.596257 75.778113 57765.988616 -19.216728 57785.2
2016 08 28 22 23 5.549000e+01 -142.582530 75.779013 57770.694355 -19.194139 57789.9
2016 08 28 22 24 5.549000e+01 -142.568763 75.779907 57775.107632 -19.180470 57794.3
2016 08 28 22 25 5.549000e+01 -142.555065 75.780815 57779.603990 -19.172712 57798.8
2016 08 28 22 26 5.549000e+01 -142.541433 75.781750 57783.639313 -19.166880 57802.8
2016 08 28 22 27 5.549000e+01 -142.527767 75.782677 57787.393432 -19.165081 57806.6
2016 08 28 22 28 5.549000e+01 -142.514090 75.783568 57791.191001 -19.166924 57810.4
2016 08 28 22 29 5.549000e+01 -142.500320 75.784433 57794.883400 -19.170795 57814.1
2016 08 28 22 30 5.549000e+01 -142.486478 75.785260 57798.083042 -19.178172 57817.3
2016 08 28 22 31 5.549000e+01 -142.472707 75.786065 57801.660897 -19.188281 57820.8
2016 08 28 22 32 5.549000e+01 -142.458942 75.786910 57805.153670 -19.200878 57824.4
2016 08 28 22 33 5.549000e+01 -142.445155 75.787742 57808.460377 -19.219621 57827.7
2016 08 28 22 34 5.549000e+01 -142.431398 75.788583 57811.739723 -19.244849 57831
2016 08 28 22 35 5.549000e+01 -142.417625 75.789443 57814.645121 -19.272441 57833.9
2016 08 28 22 36 5.549000e+01 -142.403873 75.790347 57817.008908 -19.296098 57836.3
2016 08 28 22 37 5.549000e+01 -142.390105 75.791213 57819.755372 -19.313649 57839.1
2016 08 28 22 38 5.549000e+01 -142.376377 75.792063 57822.491744 -19.330311 57841.8
2016 08 28 22 39 5.549000e+01 -142.362673 75.792953 57825.141915 -19.349148 57844.5
2016 08 28 22 40 5.549000e+01 -142.348947 75.793835 57827.184744 -19.368663 57846.6
2016 08 28 22 41 5.549000e+01 -142.335280 75.794773 57829.534829 -19.388596 57848.9
2016 08 28 22 42 5.549000e+01 -142.321607 75.795682 57831.719397 -19.403475 57851.1
2016 08 28 22 43 5.549000e+01 -142.307922 75.796608 57833.954949 -19.418078 57853.4
2016 08 28 22 44 5.549000e+01 -142.294187 75.797488 57836.197166 -19.432202 57855.6
2016 08 28 22 45 5.549000e+01 -142.280478 75.798432 57838.354605 -19.442685 57857.8
2016 08 28 22 46 5.549000e+01 -142.266798 75.799367 57840.528683 -19.459465 57860
2016 08 28 22 47 5.549000e+01 -142.253095 75.800283 57842.309454 -19.483722 57861.8
2016 08 28 22 48 5.549000e+01 -142.239455 75.801205 57844.380270 -19.505481 57863.9
2016 08 28 22 49 5.549000e+01 -142.225825 75.802138 57846.146695 -19.519165 57865.7
2016 08 28 22 50 5.549000e+01 -142.212110 75.803047 57847.740592 -19.524694 57867.3
2016 08 28 22 51 5.549000e+01 -142.198353 75.803962 57849.117023 -19.525708 57868.6
2016 08 28 22 52 5.549000e+01 -142.184618 75.804868 57850.287895 -19.526869 57869.8
2016 08 28 22 53 5.549000e+01 -142.170895 75.805785 57851.505634 -19.529039 57871
2016 08 28 22 54 5.549000e+01 -142.157202 75.806695 57852.525265 -19.532090 57872.1
2016 08 28 22 55 5.549000e+01 -142.143475 75.807548 57853.077333 -19.539964 57872.6
2016 08 28 22 56 5.549000e+01 -142.129758 75.808453 57853.860323 -19.555504 57873.4
2016 08 28 22 57 5.549000e+01 -142.116060 75.809360 57854.432096 -19.580593 57874
2016 08 28 22 58 5.549000e+01 -142.102308 75.810253 57854.980174 -19.607965 57874.6
2016 08 28 22 59 5.549000e+01 -142.088573 75.811152 57855.087330 -19.635005 57874.7
2016 08 28 23 00 5.549000e+01 -142.074825 75.812078 57854.968468 -19.656672 57874.6
2016 08 28 23 01 5.549000e+01 -142.061127 75.813033 57854.628366 -19.665822 57874.3
2016 08 28 23 02 5.549000e+01 -142.047375 75.813932 57854.238185 -19.677084 57873.9
2016 08 28 23 03 5.549000e+01 -142.033562 75.814807 57854.180802 -19.696900 57873.9
2016 08 28 23 04 5.849000e+01 -142.019335 75.815718 57853.913175 -19.720264 57873.6
2016 08 28 23 05 5.849000e+01 -142.005587 75.816582 57853.713475 -19.743193 57873.5
2016 08 28 23 06 5.849000e+01 -141.991922 75.817525 57853.556727 -19.765047 57873.3
2016 08 28 23 07 5.849000e+01 -141.978327 75.818508 57853.359609 -19.787360 57873.1
2016 08 28 23 08 5.849000e+01 -141.964733 75.819500 57853.127963 -19.810167 57872.9
2016 08 28 23 09 5.849000e+01 -141.951153 75.820502 57852.686717 -19.831274 57872.5
2016 08 28 23 10 5.849000e+01 -141.937558 75.821488 57852.178764 -19.853425 57872
2016 08 28 23 11 5.849000e+01 -141.923925 75.822442 57851.629702 -19.883412 57871.5
2016 08 28 23 12 5.849000e+01 -141.910242 75.823373 57850.856240 -19.915849 57870.8
2016 08 28 23 13 5.849000e+01 -141.896650 75.824320 57850.338262 -19.942882 57870.3
2016 08 28 23 14 5.849000e+01 -141.883045 75.825282 57849.490932 -19.967977 57869.5
2016 08 28 23 15 5.849000e+01 -141.869433 75.826258 57848.312102 -19.989838 57868.3
2016 08 28 23 16 5.849000e+01 -141.855793 75.827217 57846.947378 -20.014029 57867
2016 08 28 23 17 5.849000e+01 -141.842150 75.828167 57845.372920 -20.038639 57865.4
2016 08 28 23 18 5.849000e+01 -141.828502 75.829092 57843.745224 -20.062616 57863.8
2016 08 28 23 19 5.849000e+01 -141.814845 75.830003 57841.686162 -20.086551 57861.8
2016 08 28 23 20 5.849000e+01 -141.801193 75.830917 57839.213978 -20.111439 57859.3
2016 08 28 23 21 5.849000e+01 -141.787497 75.831845 57836.566698 -20.132707 57856.7
2016 08 28 23 22 5.849000e+01 -141.773725 75.832743 57833.847987 -20.154919 57854
2016 08 28 23 23 5.849000e+01 -141.760037 75.833682 57830.420314 -20.180030 57850.6
2016 08 28 23 24 5.849000e+01 -141.746333 75.834613 57826.596829 -20.204883 57846.8
2016 08 28 23 25 5.849000e+01 -141.732558 75.835518 57822.375762 -20.226270 57842.6
2016 08 28 23 26 5.849000e+01 -141.718785 75.836408 57817.552452 -20.245925 57837.8
2016 08 28 23 27 5.849000e+01 -141.705015 75.837287 57812.035014 -20.262085 57832.3
2016 08 28 23 28 5.849000e+01 -141.691240 75.838160 57806.086461 -20.273308 57826.4
2016 08 28 23 29 5.849000e+01 -141.677590 75.839107 57799.686696 -20.283293 57820
2016 08 28 23 30 5.849000e+01 -141.663875 75.840047 57792.615271 -20.295570 57812.9
2016 08 28 23 31 5.849000e+01 -141.650105 75.840980 57785.086962 -20.309250 57805.4
2016 08 28 23 32 5.849000e+01 -141.636378 75.841923 57777.324422 -20.322085 57797.6
2016 08 28 23 33 5.849000e+01 -141.622620 75.842898 57769.164980 -20.338026 57789.5
2016 08 28 23 34 5.849000e+01 -141.608880 75.843822 57760.894619 -20.354973 57781.2
2016 08 28 23 35 5.849000e+01 -141.595077 75.844720 57752.276287 -20.375620 57772.7
2016 08 28 23 36 5.849000e+01 -141.581253 75.845677 57743.731938 -20.398975 57764.1
2016 08 28 23 37 5.849000e+01 -141.567447 75.846645 57735.265942 -20.417883 57755.7
2016 08 28 23 38 5.849000e+01 -141.553545 75.847553 57726.589595 -20.427261 57747
2016 08 28 23 39 5.849000e+01 -141.539707 75.848502 57717.847453 -20.435711 57738.3
2016 08 28 23 40 5.849000e+01 -141.525903 75.849485 57709.006561 -20.447103 57729.5
2016 08 28 23 41 5.849000e+01 -141.512032 75.850462 57700.473788 -20.462609 57720.9
2016 08 28 23 42 5.849000e+01 -141.498090 75.851373 57692.487294 -20.485525 57713
2016 08 28 23 43 5.849000e+01 -141.484157 75.852282 57684.830724 -20.516178 57705.3
2016 08 28 23 44 5.849000e+01 -141.470280 75.853167 57677.817352 -20.548054 57698.4
2016 08 28 23 45 5.849000e+01 -141.456508 75.854047 57671.333350 -20.577014 57691.9
2016 08 28 23 46 5.849000e+01 -141.442857 75.854895 57665.123308 -20.600639 57685.7
2016 08 28 23 47 5.849000e+01 -141.429193 75.855735 57659.354593 -20.613076 57680
2016 08 28 23 48 5.849000e+01 -141.415623 75.856600 57654.043102 -20.620381 57674.7
2016 08 28 23 49 5.849000e+01 -141.402068 75.857478 57649.170673 -20.630189 57669.8
2016 08 28 23 50 5.849000e+01 -141.388477 75.858333 57644.847193 -20.642005 57665.5
2016 08 28 23 51 5.849000e+01 -141.374945 75.859193 57641.222770 -20.652065 57661.9
2016 08 28 23 52 5.849000e+01 -141.361437 75.860062 57638.200558 -20.653044 57658.9
2016 08 28 23 53 5.849000e+01 -141.347927 75.860892 57635.725699 -20.649374 57656.4
2016 08 28 23 54 5.849000e+01 -141.334392 75.861712 57633.666940 -20.646600 57654.3
2016 08 28 23 55 5.849000e+01 -141.320873 75.862560 57632.329542 -20.646460 57653
2016 08 27 23 57 4.900000e-01 -141.306922 75.863457 57636.829539 -11.489346 57648.3
2016 08 27 23 58 4.900000e-01 -141.293425 75.864347 57638.147295 -11.483754 57649.6
2016 08 27 23 59 4.900000e-01 -141.279863 75.865227 57639.169276 -11.486218 57650.7
2016 08 28 00 00 4.900000e-01 -141.266380 75.866143 57641.355994 -11.485762 57652.8
2016 08 28 00 01 4.900000e-01 -141.252857 75.867063 57643.260057 -11.476647 57654.7
2016 08 28 00 02 4.900000e-01 -141.239337 75.867962 57645.414865 -11.457230 57656.9
2016 08 29 00 03 2.490000e+00 -141.225255 75.868858 57635.144117 -20.646887 57655.8
2016 08 29 00 04 2.490000e+00 -141.211617 75.869742 57636.983573 -20.662829 57657.6
2016 08 29 00 05 2.490000e+00 -141.197942 75.870647 57639.032377 -20.692742 57659.7
2016 08 29 00 06 2.490000e+00 -141.184318 75.871538 57641.330021 -20.723152 57662.1
2016 08 29 00 07 2.490000e+00 -141.170768 75.872483 57643.886525 -20.732490 57664.6
2016 08 29 00 08 2.490000e+00 -141.157218 75.873445 57646.603410 -20.717014 57667.3
2016 08 29 00 09 2.490000e+00 -141.143660 75.874420 57649.685059 -20.696376 57670.4
2016 08 29 00 10 2.490000e+00 -141.130098 75.875392 57653.024631 -20.678535 57673.7
2016 08 29 00 11 2.490000e+00 -141.116558 75.876377 57656.685832 -20.655823 57677.3
2016 08 29 00 12 2.490000e+00 -141.102902 75.877325 57660.191327 -20.621746 57680.8
2016 08 29 00 13 2.490000e+00 -141.089300 75.878275 57663.508942 -20.582767 57684.1
2016 08 29 00 14 2.490000e+00 -141.075670 75.879240 57667.015768 -20.541680 57687.6
2016 08 29 00 15 2.490000e+00 -141.062060 75.880218 57670.449384 -20.488060 57690.9
2016 08 29 00 16 2.490000e+00 -141.048328 75.881118 57673.586418 -20.426058 57694
2016 08 29 00 17 2.490000e+00 -141.034613 75.882025 57676.638990 -20.357476 57697
2016 08 29 00 18 2.490000e+00 -141.020973 75.882960 57679.372776 -20.281227 57699.7
2016 08 29 00 19 2.490000e+00 -141.007350 75.883887 57681.666830 -20.199655 57701.9
2016 08 29 00 20 2.490000e+00 -140.993650 75.884778 57683.596403 -20.116947 57703.7
2016 08 29 00 21 2.490000e+00 -140.979945 75.885643 57685.470249 -20.039556 57705.5
2016 08 29 00 22 2.490000e+00 -140.966218 75.886495 57687.337238 -19.971609 57707.3
2016 08 29 00 23 2.490000e+00 -140.952527 75.887395 57688.804081 -19.906279 57708.7
2016 08 29 00 24 2.490000e+00 -140.938808 75.888280 57690.398733 -19.845245 57710.2
2016 08 29 00 25 2.490000e+00 -140.925135 75.889195 57691.478964 -19.797041 57711.3
2016 08 29 00 26 2.490000e+00 -140.911495 75.890143 57692.044025 -19.755987 57711.8
2016 08 29 00 27 2.490000e+00 -140.897805 75.891010 57692.401517 -19.728817 57712.1
2016 08 29 00 28 2.490000e+00 -140.884052 75.891872 57692.806968 -19.715236 57712.5
2016 08 29 00 29 2.490000e+00 -140.870470 75.892782 57692.768174 -19.706109 57712.5
2016 08 29 00 30 2.490000e+00 -140.857025 75.893772 57692.483109 -19.696502 57712.2
2016 08 29 00 31 2.490000e+00 -140.843547 75.894762 57692.113592 -19.697488 57711.8
2016 08 29 00 32 2.490000e+00 -140.830038 75.895740 57691.351934 -19.680782 57711
2016 08 29 00 33 2.490000e+00 -140.816418 75.896695 57690.275162 -19.640910 57709.9
2016 08 29 00 34 2.490000e+00 -140.802787 75.897655 57688.941998 -19.592293 57708.5
2016 08 29 00 35 2.490000e+00 -140.789175 75.898608 57687.723275 -19.551339 57707.3
2016 08 29 00 36 2.490000e+00 -140.775582 75.899577 57686.435696 -19.546334 57706
2016 08 29 00 37 2.490000e+00 -140.761995 75.900553 57685.071385 -19.535956 57704.6
2016 08 29 00 38 2.490000e+00 -140.748418 75.901508 57683.631572 -19.491942 57703.1
2016 08 29 00 39 2.490000e+00 -140.734787 75.902448 57682.115827 -19.458982 57701.6
2016 08 29 00 40 2.490000e+00 -140.721205 75.903437 57680.786928 -19.442263 57700.2
2016 08 29 00 41 2.490000e+00 -140.707597 75.904402 57679.639165 -19.426064 57699.1
2016 08 29 00 42 2.490000e+00 -140.693852 75.905310 57678.572152 -19.393483 57698
2016 08 29 00 43 2.490000e+00 -140.680150 75.906208 57677.812137 -19.335475 57697.1
2016 08 29 00 44 2.490000e+00 -140.666383 75.907112 57676.973895 -19.295918 57696.3
2016 08 29 00 45 2.490000e+00 -140.652608 75.908027 57676.279765 -19.297671 57695.6
2016 08 29 00 46 2.490000e+00 -140.638867 75.908942 57675.581510 -19.317351 57694.9
2016 08 29 00 47 2.490000e+00 -140.625118 75.909837 57674.875570 -19.325613 57694.2
2016 08 29 00 48 2.490000e+00 -140.611368 75.910742 57674.272715 -19.312558 57693.6
2016 08 29 00 49 2.490000e+00 -140.597612 75.911650 57673.881535 -19.314265 57693.2
2016 08 29 00 50 2.490000e+00 -140.583908 75.912572 57673.799433 -19.329875 57693.1
2016 08 29 00 51 2.490000e+00 -140.570183 75.913493 57674.020645 -19.338625 57693.4
2016 08 29 00 52 2.490000e+00 -140.556405 75.914383 57674.270322 -19.332337 57693.6
2016 08 29 00 53 2.490000e+00 -140.542550 75.915217 57674.771322 -19.313351 57694.1
2016 08 29 00 54 2.490000e+00 -140.528710 75.916063 57675.648385 -19.286961 57694.9
2016 08 29 00 55 2.490000e+00 -140.514950 75.916943 57676.650221 -19.267566 57695.9
2016 08 29 00 56 2.490000e+00 -140.501262 75.917877 57677.441057 -19.250864 57696.7
2016 08 29 00 57 2.490000e+00 -140.487503 75.918822 57678.462342 -19.220557 57697.7
2016 08 29 00 58 2.490000e+00 -140.473795 75.919747 57679.549639 -19.193604 57698.7
2016 08 29 00 59 2.490000e+00 -140.460082 75.920658 57680.410580 -19.180914 57699.6
2016 08 29 01 00 2.490000e+00 -140.446317 75.921555 57681.609384 -19.179210 57700.8
2016 08 29 01 01 2.490000e+00 -140.432513 75.922465 57682.684999 -19.174211 57701.9
2016 08 29 01 02 2.490000e+00 -140.418683 75.923325 57683.425961 -19.167068 57702.6
2016 08 29 01 03 5.490000e+00 -140.404370 75.924228 57684.493329 -19.159257 57703.7
2016 08 29 01 04 5.490000e+00 -140.390610 75.925130 57685.340329 -19.143176 57704.5
2016 08 29 01 05 5.490000e+00 -140.376917 75.926070 57686.115040 -19.119246 57705.2
2016 08 29 01 06 5.490000e+00 -140.363182 75.927022 57686.811167 -19.097674 57705.9
2016 08 29 01 07 5.490000e+00 -140.349370 75.927895 57687.427921 -19.077555 57706.5
2016 08 29 01 08 5.490000e+00 -140.335517 75.928762 57687.829135 -19.058355 57706.9
2016 08 29 01 09 5.490000e+00 -140.321728 75.929660 57688.018984 -19.037939 57707.1
2016 08 29 01 10 5.490000e+00 -140.307987 75.930600 57687.975587 -19.012801 57707
2016 08 29 01 11 5.490000e+00 -140.294183 75.931497 57687.988206 -18.982236 57707
2016 08 29 01 12 5.490000e+00 -140.280390 75.932387 57687.643238 -18.948620 57706.6
2016 08 29 01 13 5.490000e+00 -140.266707 75.933302 57686.861904 -18.913386 57705.8
2016 08 29 01 14 5.490000e+00 -140.252985 75.934207 57686.054388 -18.880394 57704.9
2016 08 29 01 15 5.490000e+00 -140.239325 75.935115 57685.154118 -18.848776 57704
2016 08 29 01 16 5.490000e+00 -140.225535 75.935995 57683.624144 -18.812311 57702.4
2016 08 29 01 17 5.490000e+00 -140.211705 75.936892 57681.437215 -18.768116 57700.2
2016 08 29 01 18 5.490000e+00 -140.197878 75.937802 57679.171309 -18.719034 57697.9
2016 08 29 01 19 5.490000e+00 -140.184332 75.938768 57676.846293 -18.669478 57695.5
2016 08 29 01 20 5.490000e+00 -140.170862 75.939750 57674.813066 -18.623232 57693.4
2016 08 29 01 21 5.490000e+00 -140.157438 75.940738 57673.192968 -18.583737 57691.8
2016 08 29 01 22 5.490000e+00 -140.143940 75.941695 57671.913869 -18.548265 57690.5
2016 08 29 01 23 5.490000e+00 -140.130290 75.942653 57670.681689 -18.507360 57689.2
2016 08 29 01 24 5.490000e+00 -140.116560 75.943587 57669.296036 -18.458205 57687.8
2016 08 29 01 25 5.490000e+00 -140.102593 75.944478 57667.285683 -18.406269 57685.7
2016 08 29 01 26 5.490000e+00 -140.088560 75.945433 57665.366896 -18.353584 57683.7
2016 08 29 01 27 5.490000e+00 -140.074742 75.946417 57663.335352 -18.300453 57681.6
2016 08 29 01 28 5.490000e+00 -140.060777 75.947380 57661.250371 -18.244728 57679.5
2016 08 29 01 29 5.490000e+00 -140.046843 75.948308 57659.330643 -18.177978 57677.5
2016 08 29 01 30 5.490000e+00 -140.032797 75.949193 57657.512621 -18.108798 57675.6
2016 08 29 01 31 5.490000e+00 -140.018987 75.950157 57656.065708 -18.048850 57674.1
2016 08 29 01 32 5.490000e+00 -140.005253 75.951115 57654.399255 -17.998563 57672.4
2016 08 29 01 33 5.490000e+00 -139.991583 75.952047 57652.808710 -17.952316 57670.8
2016 08 29 01 34 5.490000e+00 -139.978025 75.953005 57651.468435 -17.902359 57669.4
2016 08 29 01 35 5.490000e+00 -139.964458 75.953950 57649.859278 -17.845592 57667.7
2016 08 29 01 36 5.490000e+00 -139.950873 75.954868 57648.219489 -17.783452 57666
2016 08 29 01 37 5.490000e+00 -139.937238 75.955757 57646.563541 -17.718583 57664.3
2016 08 29 01 38 5.490000e+00 -139.923670 75.956688 57644.737733 -17.655880 57662.4
2016 08 29 01 39 5.490000e+00 -139.910055 75.957617 57643.684394 -17.597335 57661.3
2016 08 29 01 40 5.490000e+00 -139.896393 75.958555 57642.682724 -17.545988 57660.2
2016 08 29 01 41 5.490000e+00 -139.882537 75.959500 57641.413917 -17.509615 57658.9
2016 08 29 01 42 5.490000e+00 -139.868608 75.960457 57640.334000 -17.475637 57657.8
2016 08 29 01 43 5.490000e+00 -139.854625 75.961378 57638.954124 -17.439690 57656.4
2016 08 29 01 44 5.490000e+00 -139.840747 75.962318 57637.814273 -17.402630 57655.2
2016 08 29 01 45 5.490000e+00 -139.826912 75.963222 57636.785130 -17.359784 57654.1
2016 08 29 01 46 5.490000e+00 -139.813150 75.964168 57635.727459 -17.315019 57653
2016 08 29 01 47 5.490000e+00 -139.799410 75.965132 57634.869688 -17.270358 57652.1
2016 08 29 01 48 5.490000e+00 -139.785643 75.966095 57634.033861 -17.228093 57651.3
2016 08 29 01 49 5.490000e+00 -139.771842 75.967028 57632.879843 -17.185752 57650.1
2016 08 29 01 50 5.490000e+00 -139.758007 75.967937 57631.393185 -17.139870 57648.5
2016 08 29 01 51 5.490000e+00 -139.744142 75.968828 57630.118146 -17.089198 57647.2
2016 08 29 01 52 5.490000e+00 -139.730280 75.969713 57629.058398 -17.033077 57646.1
2016 08 29 01 53 5.490000e+00 -139.716460 75.970623 57628.231397 -16.973999 57645.2
2016 08 29 01 54 5.490000e+00 -139.702632 75.971538 57627.580614 -16.917436 57644.5
2016 08 29 01 55 5.490000e+00 -139.688793 75.972435 57626.578918 -16.863167 57643.4
2016 08 29 01 56 5.490000e+00 -139.675033 75.973357 57625.730705 -16.808249 57642.5
2016 08 29 01 57 5.490000e+00 -139.661272 75.974293 57624.943993 -16.741273 57641.7
2016 08 29 01 58 5.490000e+00 -139.647515 75.975228 57623.883734 -16.660204 57640.5
2016 08 29 01 59 5.490000e+00 -139.633760 75.976190 57622.821878 -16.571969 57639.4
2016 08 29 02 00 5.490000e+00 -139.619838 75.977120 57621.755108 -16.492502 57638.2
2016 08 29 02 01 5.490000e+00 -139.605952 75.978017 57620.617943 -16.432522 57637.1
2016 08 29 02 02 5.490000e+00 -139.592085 75.978918 57619.294681 -16.386897 57635.7
2016 08 29 02 03 5.490000e+00 -139.578215 75.979823 57618.030345 -16.353946 57634.4
2016 08 29 02 04 5.490000e+00 -139.564372 75.980743 57616.697328 -16.333625 57633
2016 08 29 02 05 5.490000e+00 -139.550627 75.981687 57615.076569 -16.323025 57631.4
2016 08 29 02 06 5.490000e+00 -139.536985 75.982598 57613.622505 -16.320215 57629.9
2016 08 29 02 07 5.490000e+00 -139.523360 75.983508 57611.895547 -16.326961 57628.2
2016 08 29 02 08 5.490000e+00 -139.509715 75.984415 57610.332170 -16.339937 57626.7
2016 08 29 02 09 5.490000e+00 -139.496073 75.985285 57608.962213 -16.355434 57625.3
2016 08 29 02 10 5.490000e+00 -139.482467 75.986145 57607.839314 -16.377725 57624.2
2016 08 29 02 11 5.490000e+00 -139.468898 75.987030 57607.022632 -16.405467 57623.4
2016 08 29 02 12 5.490000e+00 -139.455317 75.987937 57606.092309 -16.432364 57622.5
2016 08 29 02 13 5.490000e+00 -139.441687 75.988853 57605.768366 -16.462718 57622.2
2016 08 29 02 14 5.490000e+00 -139.427908 75.989777 57606.277669 -16.493581 57622.8
2016 08 29 02 15 5.490000e+00 -139.413890 75.990702 57607.301311 -16.519627 57623.8
2016 08 29 02 16 5.490000e+00 -139.399823 75.991625 57608.092207 -16.538822 57624.6
2016 08 29 02 17 5.490000e+00 -139.385847 75.992538 57608.318076 -16.540463 57624.9
2016 08 29 02 18 5.490000e+00 -139.371887 75.993483 57608.313505 -16.519519 57624.8
2016 08 29 02 19 5.490000e+00 -139.357980 75.994443 57608.339880 -16.488108 57624.8
2016 08 29 02 20 5.490000e+00 -139.344120 75.995397 57608.210739 -16.444643 57624.7
2016 08 29 02 21 5.490000e+00 -139.330305 75.996333 57608.181675 -16.390587 57624.6
2016 08 29 02 22 5.490000e+00 -139.316540 75.997272 57607.980140 -16.325220 57624.3
2016 08 29 02 23 5.490000e+00 -139.302755 75.998227 57608.058055 -16.253702 57624.3
2016 08 29 02 24 5.490000e+00 -139.288952 75.999140 57608.724044 -16.191377 57624.9
2016 08 29 02 25 5.490000e+00 -139.275170 76.000030 57608.985053 -16.157956 57625.1
2016 08 29 02 26 5.490000e+00 -139.261382 76.000963 57608.870913 -16.140101 57625
2016 08 29 02 27 5.490000e+00 -139.247602 76.001877 57608.921880 -16.126223 57625
2016 08 29 02 28 5.490000e+00 -139.233863 76.002798 57608.897852 -16.092489 57625
2016 08 29 02 29 5.490000e+00 -139.220180 76.003738 57608.379448 -16.028796 57624.4
2016 08 29 02 30 5.490000e+00 -139.206445 76.004670 57607.937662 -15.998335 57623.9
2016 08 29 02 31 5.490000e+00 -139.192760 76.005605 57607.515575 -15.989865 57623.5
2016 08 29 02 32 5.490000e+00 -139.178983 76.006527 57606.855186 -15.955042 57622.8
2016 08 29 02 33 5.490000e+00 -139.165143 76.007388 57606.007859 -15.897135 57621.9
2016 08 29 02 34 5.490000e+00 -139.151262 76.008237 57605.166068 -15.827912 57621
2016 08 29 02 35 5.490000e+00 -139.137440 76.009098 57604.104026 -15.784065 57619.9
2016 08 29 02 36 5.490000e+00 -139.123547 76.009897 57603.206022 -15.775902 57619
2016 08 29 02 37 5.490000e+00 -139.109692 76.010745 57602.484575 -15.746900 57618.2
2016 08 29 02 38 5.490000e+00 -139.096060 76.011700 57602.263847 -15.680362 57617.9
2016 08 29 02 39 5.490000e+00 -139.082448 76.012690 57602.361003 -15.601118 57618
2016 08 29 02 40 5.490000e+00 -139.068752 76.013612 57602.334882 -15.542803 57617.9
2016 08 29 02 41 5.490000e+00 -139.055028 76.014533 57602.239780 -15.502341 57617.7
2016 08 29 02 42 5.490000e+00 -139.041180 76.015382 57601.627846 -15.438551 57617.1
2016 08 29 02 43 5.490000e+00 -139.027337 76.016233 57600.348699 -15.354843 57615.7
2016 08 29 02 44 5.490000e+00 -139.013617 76.017160 57599.744561 -15.276192 57615
2016 08 29 02 45 5.490000e+00 -138.999977 76.018118 57600.585018 -15.218434 57615.8
2016 08 29 02 46 5.490000e+00 -138.986172 76.019025 57601.195020 -15.178197 57616.4
2016 08 29 02 47 5.490000e+00 -138.972280 76.019893 57599.954969 -15.144149 57615.1
2016 08 29 02 48 5.490000e+00 -138.958382 76.020725 57598.939115 -15.096809 57614
2016 08 29 02 49 5.490000e+00 -138.944507 76.021592 57598.424755 -15.057852 57613.5
2016 08 29 02 50 5.490000e+00 -138.930698 76.022488 57597.322282 -15.028692 57612.4
2016 08 29 02 51 5.490000e+00 -138.916932 76.023427 57596.596962 -14.988152 57611.6
2016 08 29 02 52 5.490000e+00 -138.903287 76.024372 57595.704825 -14.934045 57610.6
2016 08 29 02 53 5.490000e+00 -138.889487 76.025298 57594.471588 -14.876466 57609.3
2016 08 29 02 54 5.490000e+00 -138.875555 76.026123 57594.639731 -14.830116 57609.5
2016 08 29 02 55 5.490000e+00 -138.861647 76.026943 57594.709842 -14.782233 57609.5
2016 08 29 02 56 5.490000e+00 -138.847860 76.027853 57592.935666 -14.731066 57607.7
2016 08 29 02 57 5.490000e+00 -138.834150 76.028792 57591.644379 -14.684266 57606.3
2016 08 29 02 58 5.490000e+00 -138.820382 76.029722 57591.469643 -14.641936 57606.1
2016 08 29 02 59 5.490000e+00 -138.806673 76.030678 57590.959202 -14.603618 57605.6
2016 08 29 03 00 5.490000e+00 -138.792902 76.031635 57590.637223 -14.571576 57605.2
2016 08 29 03 01 5.490000e+00 -138.779112 76.032628 57590.340631 -14.547105 57604.9
2016 08 29 03 02 5.490000e+00 -138.765382 76.033593 57590.349290 -14.527972 57604.9
2016 08 29 03 03 8.490000e+00 -138.751082 76.034590 57591.131439 -14.504229 57605.6
2016 08 29 03 04 8.490000e+00 -138.737208 76.035535 57591.357909 -14.478141 57605.8
2016 08 29 03 05 8.490000e+00 -138.723293 76.036487 57592.162222 -14.456726 57606.6
2016 08 29 03 06 8.490000e+00 -138.709415 76.037425 57593.310376 -14.444554 57607.8
2016 08 29 03 07 8.490000e+00 -138.695453 76.038347 57593.230141 -14.434047 57607.7
2016 08 29 03 08 8.490000e+00 -138.681590 76.039300 57593.092358 -14.419675 57607.5
2016 08 29 03 09 8.490000e+00 -138.667758 76.040263 57594.452863 -14.402105 57608.9
2016 08 29 03 10 8.490000e+00 -138.653945 76.041255 57595.425044 -14.394107 57609.8
2016 08 29 03 11 8.490000e+00 -138.640113 76.042227 57595.453580 -14.400834 57609.9
2016 08 29 03 12 8.490000e+00 -138.626207 76.043197 57595.666287 -14.401286 57610.1
2016 08 29 03 13 8.490000e+00 -138.612365 76.044208 57596.575194 -14.385582 57611
2016 08 29 03 14 8.490000e+00 -138.598443 76.045187 57597.714654 -14.366661 57612.1
2016 08 29 03 15 8.490000e+00 -138.584415 76.046062 57598.437015 -14.357075 57612.8
2016 08 29 03 16 8.490000e+00 -138.570378 76.046900 57598.883614 -14.353556 57613.2
2016 08 29 03 17 8.490000e+00 -138.556345 76.047772 57599.212586 -14.346922 57613.6
2016 08 29 03 18 8.490000e+00 -138.542322 76.048638 57599.584548 -14.336744 57613.9
2016 08 29 03 19 8.490000e+00 -138.528330 76.049507 57600.265717 -14.330045 57614.6
2016 08 29 03 20 8.490000e+00 -138.514322 76.050358 57600.733165 -14.330757 57615.1
2016 08 29 03 21 8.490000e+00 -138.500293 76.051210 57601.122184 -14.341664 57615.5
2016 08 29 03 22 8.490000e+00 -138.486268 76.052098 57601.769010 -14.358280 57616.1
2016 08 29 03 23 8.490000e+00 -138.472212 76.052927 57602.454874 -14.365724 57616.8
2016 08 29 03 24 8.490000e+00 -138.458110 76.053762 57603.116954 -14.359220 57617.5
2016 08 29 03 25 8.490000e+00 -138.444028 76.054637 57603.593871 -14.342908 57617.9
2016 08 29 03 26 8.490000e+00 -138.429972 76.055507 57604.056459 -14.323463 57618.4
2016 08 29 03 27 8.490000e+00 -138.415922 76.056365 57604.751072 -14.316689 57619.1
2016 08 29 03 28 8.490000e+00 -138.401907 76.057223 57605.366770 -14.321533 57619.7
2016 08 29 03 29 8.490000e+00 -138.387915 76.058090 57605.655871 -14.325659 57620
2016 08 29 03 30 8.490000e+00 -138.374075 76.059000 57605.871873 -14.321061 57620.2
2016 08 29 03 31 8.490000e+00 -138.360333 76.059930 57605.917640 -14.312783 57620.2
2016 08 29 03 32 8.490000e+00 -138.346515 76.060805 57606.114435 -14.303708 57620.4
2016 08 29 03 33 8.490000e+00 -138.332792 76.061675 57606.289513 -14.295433 57620.6
2016 08 29 03 34 8.490000e+00 -138.319017 76.062530 57606.233532 -14.287349 57620.5
2016 08 29 03 35 8.490000e+00 -138.305220 76.063388 57606.023652 -14.277381 57620.3
2016 08 29 03 36 8.490000e+00 -138.291418 76.064235 57606.055661 -14.265852 57620.3
2016 08 29 03 37 8.490000e+00 -138.277575 76.065077 57606.348801 -14.256932 57620.6
2016 08 29 03 38 8.490000e+00 -138.263820 76.065967 57606.694884 -14.254079 57620.9
2016 08 29 03 39 8.490000e+00 -138.250077 76.066852 57606.766896 -14.256425 57621
2016 08 29 03 40 8.490000e+00 -138.236283 76.067690 57606.751366 -14.261094 57621
2016 08 29 03 41 8.490000e+00 -138.222562 76.068555 57606.874910 -14.264151 57621.1
2016 08 29 03 42 8.490000e+00 -138.208835 76.069428 57606.915937 -14.263524 57621.2
2016 08 29 03 43 8.490000e+00 -138.195087 76.070292 57606.947286 -14.261231 57621.2
2016 08 29 03 44 8.490000e+00 -138.181302 76.071158 57607.140714 -14.265556 57621.4
2016 08 29 03 45 8.490000e+00 -138.167465 76.072007 57607.427617 -14.274115 57621.7
2016 08 29 03 46 8.490000e+00 -138.153662 76.072867 57607.541254 -14.276372 57621.8
2016 08 29 03 47 8.490000e+00 -138.139822 76.073693 57607.478869 -14.276825 57621.8
2016 08 29 03 48 8.490000e+00 -138.125983 76.074537 57607.455971 -14.278883 57621.7
2016 08 29 03 49 8.490000e+00 -138.112218 76.075425 57607.741020 -14.276520 57622
2016 08 29 03 50 8.490000e+00 -138.098465 76.076313 57608.369936 -14.274366 57622.6
2016 08 29 03 51 8.490000e+00 -138.084697 76.077187 57608.639061 -14.277739 57622.9
2016 08 29 03 52 8.490000e+00 -138.070880 76.078038 57608.662655 -14.288911 57623
2016 08 29 03 53 8.490000e+00 -138.057110 76.078917 57608.802133 -14.304350 57623.1
2016 08 29 03 54 8.490000e+00 -138.043347 76.079793 57608.932924 -14.313928 57623.2
2016 08 29 03 55 8.490000e+00 -138.029565 76.080628 57609.022503 -14.317288 57623.3
2016 08 29 03 56 8.490000e+00 -138.015782 76.081453 57609.129645 -14.319969 57623.4
2016 08 29 03 57 8.490000e+00 -138.002045 76.082315 57609.170173 -14.326298 57623.5
2016 08 29 03 58 8.490000e+00 -137.988310 76.083177 57609.275046 -14.338763 57623.6
2016 08 29 03 59 8.490000e+00 -137.974498 76.084043 57609.613505 -14.354978 57624
2016 08 29 04 00 8.490000e+00 -137.960702 76.084912 57610.081814 -14.372244 57624.5
2016 08 29 04 01 8.490000e+00 -137.946933 76.085778 57610.417595 -14.392335 57624.8
2016 08 29 04 02 8.490000e+00 -137.933063 76.086613 57610.857614 -14.411184 57625.3
2016 08 29 04 03 8.490000e+00 -137.919162 76.087440 57611.571360 -14.425027 57626
2016 08 29 04 04 8.490000e+00 -137.905280 76.088270 57612.457107 -14.433699 57626.9
2016 08 29 04 05 8.490000e+00 -137.891407 76.089125 57613.506666 -14.434808 57627.9
2016 08 29 04 06 8.490000e+00 -137.877597 76.090002 57614.823827 -14.423647 57629.2
2016 08 29 04 07 8.490000e+00 -137.863647 76.090878 57616.218747 -14.407959 57630.6
2016 08 29 04 08 8.490000e+00 -137.849697 76.091720 57617.687427 -14.401019 57632.1
2016 08 29 04 09 8.490000e+00 -137.835762 76.092513 57619.244133 -14.409554 57633.7
2016 08 29 04 10 8.490000e+00 -137.821758 76.093290 57620.883627 -14.426609 57635.3
2016 08 29 04 11 8.490000e+00 -137.807757 76.094168 57622.988163 -14.449058 57637.4
2016 08 29 04 12 8.490000e+00 -137.793860 76.095187 57625.339325 -14.473344 57639.8
2016 08 29 04 13 8.490000e+00 -137.780015 76.096223 57627.690488 -14.487795 57642.2
2016 08 29 04 14 8.490000e+00 -137.766007 76.097247 57630.041651 -14.491295 57644.5
2016 08 29 04 15 8.490000e+00 -137.751983 76.098212 57632.723842 -14.493674 57647.2
2016 08 29 04 16 8.490000e+00 -137.737892 76.099133 57636.183995 -14.495110 57650.7
2016 08 29 04 17 8.490000e+00 -137.723742 76.100018 57639.612496 -14.490796 57654.1
2016 08 29 04 18 8.490000e+00 -137.709612 76.100910 57643.536892 -14.486460 57658
2016 08 29 04 19 8.490000e+00 -137.695580 76.101842 57647.588417 -14.487501 57662.1
2016 08 29 04 20 8.490000e+00 -137.681560 76.102747 57651.916208 -14.493372 57666.4
2016 08 29 04 21 8.490000e+00 -137.667518 76.103648 57656.516070 -14.504889 57671
2016 08 29 04 22 8.490000e+00 -137.653580 76.104570 57661.019567 -14.517784 57675.5
2016 08 29 04 23 8.490000e+00 -137.639663 76.105510 57665.803787 -14.524849 57680.3
2016 08 29 04 24 8.490000e+00 -137.625762 76.106448 57670.616105 -14.531449 57685.1
2016 08 29 04 25 8.490000e+00 -137.611818 76.107375 57675.485531 -14.541671 57690
2016 08 29 04 26 8.490000e+00 -137.597988 76.108325 57680.649974 -14.562321 57695.2
2016 08 29 04 27 8.490000e+00 -137.584220 76.109285 57685.451087 -14.595970 57700
2016 08 29 04 28 8.490000e+00 -137.570353 76.110212 57690.818289 -14.633455 57705.5
2016 08 29 04 29 8.490000e+00 -137.556400 76.111103 57695.765985 -14.665865 57710.4
2016 08 29 04 30 8.490000e+00 -137.542380 76.111952 57700.542257 -14.690130 57715.2
2016 08 29 04 31 8.490000e+00 -137.528242 76.112693 57704.980375 -14.714323 57719.7
2016 08 29 04 32 8.490000e+00 -137.514015 76.113348 57709.416601 -14.740238 57724.2
2016 08 29 04 33 8.490000e+00 -137.500492 76.114413 57713.883010 -14.758817 57728.6
2016 08 29 04 34 8.490000e+00 -137.489470 76.116348 57718.101542 -14.775646 57732.9
