2016 08 29 04 39 8.490000e+00 -137.483972 76.130635 57732.393637 -14.939417 57747.3
2016 08 29 04 40 8.490000e+00 -137.493093 76.132507 57733.383455 -14.964420 57748.3
2016 08 29 04 41 8.490000e+00 -137.504383 76.133207 57733.353288 -14.990567 57748.3
2016 08 29 04 42 8.490000e+00 -137.515615 76.132678 57733.168762 -15.015007 57748.2
2016 08 29 04 43 8.490000e+00 -137.526542 76.131623 57732.984237 -15.037626 57748
2016 08 29 04 44 8.490000e+00 -137.538217 76.130443 57731.654001 -15.059562 57746.7
2016 08 29 04 45 8.490000e+00 -137.550328 76.129235 57729.713021 -15.080414 57744.8
2016 08 29 04 46 8.490000e+00 -137.562653 76.128037 57727.869120 -15.098274 57743
2016 08 29 04 47 8.490000e+00 -137.575032 76.126818 57725.326826 -15.112046 57740.4
2016 08 29 04 48 8.490000e+00 -137.587460 76.125613 57722.101532 -15.125053 57737.2
2016 08 29 04 49 8.490000e+00 -137.599892 76.124398 57718.590121 -15.140586 57733.7
2016 08 29 04 50 8.490000e+00 -137.612380 76.123160 57714.719357 -15.159810 57729.9
2016 08 29 04 51 8.490000e+00 -137.624813 76.121932 57710.951572 -15.181314 57726.1
2016 08 29 04 52 8.490000e+00 -137.637338 76.120775 57706.839808 -15.200652 57722
2016 08 29 04 53 8.490000e+00 -137.650385 76.120017 57702.389913 -15.217448 57717.6
2016 08 29 04 54 8.490000e+00 -137.663813 76.119727 57698.092206 -15.233059 57713.3
2016 08 29 04 55 8.490000e+00 -137.677263 76.119478 57693.537883 -15.245750 57708.8
2016 08 29 04 56 8.490000e+00 -137.690723 76.119228 57688.883507 -15.254215 57704.1
2016 08 29 04 57 8.490000e+00 -137.704227 76.118998 57683.902599 -15.266146 57699.2
2016 08 29 04 58 8.490000e+00 -137.717655 76.118788 57679.493869 -15.282612 57694.8
2016 08 29 04 59 8.490000e+00 -137.731137 76.118585 57675.154998 -15.303927 57690.5
2016 08 29 05 00 8.490000e+00 -137.744593 76.118340 57671.262957 -15.322812 57686.6
2016 08 29 05 01 8.490000e+00 -137.757983 76.118082 57667.233270 -15.335372 57682.6
2016 08 29 05 02 8.490000e+00 -137.771352 76.117835 57663.254931 -15.346193 57678.6
2016 08 29 05 03 1.149000e+01 -137.785208 76.117590 57659.441656 -15.364028 57674.8
2016 08 29 05 04 1.149000e+01 -137.799485 76.117293 57656.151507 -15.388847 57671.5
2016 08 29 05 05 1.149000e+01 -137.813763 76.117062 57653.204852 -15.415788 57668.6
2016 08 29 05 06 1.149000e+01 -137.828062 76.116797 57650.108132 -15.438554 57665.5
2016 08 29 05 07 1.149000e+01 -137.842415 76.116565 57646.862315 -15.458142 57662.3
2016 08 29 05 08 1.149000e+01 -137.856825 76.116313 57644.058755 -15.484674 57659.5
2016 08 29 05 09 1.149000e+01 -137.871242 76.116073 57641.293055 -15.523763 57656.8
2016 08 29 05 10 1.149000e+01 -137.885693 76.115785 57638.467592 -15.565923 57654
2016 08 29 05 11 1.149000e+01 -137.900243 76.115502 57635.784434 -15.601967 57651.4
2016 08 29 05 12 1.149000e+01 -137.914795 76.115252 57633.788700 -15.631933 57649.4
2016 08 29 05 13 1.149000e+01 -137.929350 76.115038 57631.903541 -15.664666 57647.6
2016 08 29 05 14 1.149000e+01 -137.943842 76.114878 57630.006462 -15.704112 57645.7
2016 08 29 05 15 1.149000e+01 -137.958317 76.114672 57628.277168 -15.748473 57644
2016 08 29 05 16 1.149000e+01 -137.972697 76.114472 57626.528485 -15.790101 57642.3
2016 08 29 05 17 1.149000e+01 -137.987152 76.114327 57625.335367 -15.827205 57641.2
2016 08 29 05 18 1.149000e+01 -138.001643 76.114177 57624.396545 -15.861285 57640.3
2016 08 29 05 19 1.149000e+01 -138.016113 76.114015 57623.654224 -15.894628 57639.5
2016 08 29 05 20 1.149000e+01 -138.030572 76.113803 57623.416861 -15.932851 57639.3
2016 08 29 05 21 1.149000e+01 -138.045052 76.113608 57623.402768 -15.978702 57639.4
2016 08 29 05 22 1.149000e+01 -138.059540 76.113410 57623.211098 -16.029641 57639.2
2016 08 29 05 23 1.149000e+01 -138.074048 76.113235 57623.129593 -16.081875 57639.2
2016 08 29 05 24 1.149000e+01 -138.088512 76.113063 57622.753555 -16.131451 57638.9
2016 08 29 05 25 1.149000e+01 -138.103017 76.112958 57622.800711 -16.175498 57639
2016 08 29 05 26 1.149000e+01 -138.117492 76.112835 57622.779562 -16.217264 57639
2016 08 29 05 27 1.149000e+01 -138.131933 76.112688 57623.088951 -16.260806 57639.3
2016 08 29 05 28 1.149000e+01 -138.146465 76.112522 57623.515748 -16.310800 57639.8
2016 08 29 05 29 1.149000e+01 -138.161018 76.112352 57623.836995 -16.362432 57640.2
2016 08 29 05 30 1.149000e+01 -138.175568 76.112182 57623.927124 -16.412488 57640.3
2016 08 29 05 31 1.149000e+01 -138.190107 76.112013 57624.366759 -16.455611 57640.8
2016 08 29 05 32 1.149000e+01 -138.204642 76.111868 57624.516433 -16.494427 57641
2016 08 29 05 33 1.149000e+01 -138.219245 76.111748 57624.468385 -16.533877 57641
2016 08 29 05 34 1.149000e+01 -138.233865 76.111627 57624.414554 -16.572614 57641
2016 08 29 05 35 1.149000e+01 -138.248492 76.111488 57624.207518 -16.612618 57640.8
2016 08 29 05 36 1.149000e+01 -138.263150 76.111350 57623.996242 -16.655208 57640.7
2016 08 29 05 37 1.149000e+01 -138.277842 76.111212 57623.681882 -16.702034 57640.4
2016 08 29 05 38 1.149000e+01 -138.292570 76.111075 57623.666458 -16.750945 57640.4
2016 08 29 05 39 1.149000e+01 -138.307275 76.110947 57623.201216 -16.799150 57640
2016 08 29 05 40 1.149000e+01 -138.321985 76.110778 57623.049932 -16.847189 57639.9
2016 08 29 05 41 1.149000e+01 -138.336665 76.110642 57622.874625 -16.897651 57639.8
2016 08 29 05 42 1.149000e+01 -138.351375 76.110477 57622.673991 -16.952052 57639.6
2016 08 29 05 43 1.149000e+01 -138.366115 76.110320 57622.506544 -17.009323 57639.5
2016 08 29 05 44 1.149000e+01 -138.380895 76.110222 57622.552981 -17.067646 57639.6
2016 08 29 05 45 1.149000e+01 -138.395732 76.110122 57622.636752 -17.125176 57639.8
2016 08 29 05 46 1.149000e+01 -138.410562 76.110028 57622.784833 -17.181980 57640
2016 08 29 05 47 1.149000e+01 -138.425428 76.109953 57623.176592 -17.238946 57640.4
2016 08 29 05 48 1.149000e+01 -138.439935 76.109858 57622.898822 -17.296407 57640.2
2016 08 29 05 49 1.149000e+01 -138.454687 76.109745 57622.967607 -17.353673 57640.3
2016 08 29 05 50 1.149000e+01 -138.469367 76.109628 57623.099846 -17.410470 57640.5
2016 08 29 05 51 1.149000e+01 -138.484062 76.109517 57623.165786 -17.467974 57640.6
2016 08 29 05 52 1.149000e+01 -138.498747 76.109398 57622.902287 -17.526167 57640.4
2016 08 29 05 53 1.149000e+01 -138.513457 76.109285 57622.846175 -17.582176 57640.4
2016 08 29 05 54 1.149000e+01 -138.528143 76.109158 57623.025655 -17.636562 57640.7
2016 08 29 05 55 1.149000e+01 -138.542822 76.109062 57623.160227 -17.692793 57640.9
2016 08 29 05 56 1.149000e+01 -138.557485 76.108925 57623.096033 -17.752680 57640.8
2016 08 29 05 57 1.149000e+01 -138.572458 76.108808 57623.020118 -17.816123 57640.8
2016 08 29 05 58 1.149000e+01 -138.586930 76.108652 57623.277491 -17.883339 57641.2
2016 08 29 05 59 1.149000e+01 -138.601597 76.108545 57623.481132 -17.952135 57641.4
2016 08 29 06 00 1.149000e+01 -138.616305 76.108530 57623.814368 -18.018317 57641.8
2016 08 29 06 01 1.149000e+01 -138.630975 76.108495 57624.002409 -18.082362 57642.1
2016 08 29 06 02 1.149000e+01 -138.645678 76.108493 57623.877454 -18.146395 57642
2016 08 29 06 03 1.149000e+01 -138.660387 76.108470 57624.071472 -18.212246 57642.3
2016 08 29 06 04 1.149000e+01 -138.675132 76.108458 57623.869234 -18.280007 57642.1
2016 08 29 06 05 1.149000e+01 -138.689902 76.108435 57623.886705 -18.348593 57642.2
2016 08 29 06 06 1.149000e+01 -138.704678 76.108400 57623.781458 -18.418440 57642.2
2016 08 29 06 07 1.149000e+01 -138.719468 76.108375 57623.655496 -18.492381 57642.1
2016 08 29 06 08 1.149000e+01 -138.734263 76.108382 57623.454322 -18.572329 57642
2016 08 29 06 09 1.149000e+01 -138.749108 76.108347 57623.395683 -18.653107 57642
2016 08 29 06 10 1.149000e+01 -138.763938 76.108308 57623.051382 -18.729072 57641.8
2016 08 29 06 11 1.149000e+01 -138.778747 76.108272 57623.161962 -18.797563 57642
2016 08 29 06 12 1.149000e+01 -138.793623 76.108228 57623.158370 -18.860946 57642
2016 08 29 06 13 1.149000e+01 -138.808508 76.108227 57623.110348 -18.922412 57642
2016 08 29 06 14 1.149000e+01 -138.823373 76.108188 57623.213178 -18.981291 57642.2
2016 08 29 06 15 1.149000e+01 -138.838187 76.108155 57622.993688 -19.037519 57642
2016 08 29 06 16 1.149000e+01 -138.853000 76.108153 57623.127084 -19.096175 57642.2
2016 08 29 06 17 1.149000e+01 -138.867747 76.108093 57623.213953 -19.161129 57642.4
2016 08 29 06 18 1.149000e+01 -138.882498 76.108075 57623.369659 -19.231750 57642.6
2016 08 29 06 19 1.149000e+01 -138.897190 76.108092 57623.576097 -19.303327 57642.9
2016 08 29 06 20 1.149000e+01 -138.911803 76.108062 57623.429722 -19.373527 57642.8
2016 08 29 06 21 1.149000e+01 -138.926373 76.108060 57623.646087 -19.438466 57643.1
2016 08 29 06 22 1.149000e+01 -138.940947 76.108057 57623.888882 -19.498862 57643.4
2016 08 29 06 23 1.149000e+01 -138.955515 76.108012 57623.959941 -19.555578 57643.5
2016 08 29 06 24 1.149000e+01 -138.970063 76.107990 57624.118009 -19.605943 57643.7
2016 08 29 06 25 1.149000e+01 -138.984633 76.107978 57624.581882 -19.647992 57644.2
2016 08 29 06 26 1.149000e+01 -138.999243 76.107972 57624.804467 -19.685622 57644.5
2016 08 29 06 27 1.149000e+01 -139.013843 76.107942 57624.920641 -19.725883 57644.6
2016 08 29 06 28 1.149000e+01 -139.028488 76.107922 57625.200386 -19.772320 57645
2016 08 29 06 29 1.149000e+01 -139.043082 76.107828 57625.231274 -19.826588 57645.1
2016 08 29 06 30 1.149000e+01 -139.057715 76.107737 57625.332268 -19.885069 57645.2
2016 08 29 06 31 1.149000e+01 -139.072303 76.107642 57625.582061 -19.941436 57645.5
2016 08 29 06 32 1.149000e+01 -139.086958 76.107527 57625.513899 -19.992354 57645.5
2016 08 29 06 33 1.149000e+01 -139.101625 76.107407 57625.818160 -20.036605 57645.9
2016 08 29 06 34 1.149000e+01 -139.116277 76.107312 57626.217384 -20.074935 57646.3
2016 08 29 06 35 1.149000e+01 -139.130903 76.107192 57626.479072 -20.112054 57646.6
2016 08 29 06 36 1.149000e+01 -139.145532 76.107105 57626.637724 -20.150882 57646.8
2016 08 29 06 37 1.149000e+01 -139.160178 76.106997 57626.615072 -20.190333 57646.8
2016 08 29 06 38 1.149000e+01 -139.174868 76.106910 57626.476440 -20.225825 57646.7
2016 08 29 06 39 1.149000e+01 -139.189565 76.106807 57626.962968 -20.261413 57647.2
2016 08 29 06 40 1.149000e+01 -139.204257 76.106702 57627.115053 -20.298599 57647.4
2016 08 29 06 41 1.149000e+01 -139.218948 76.106588 57627.422099 -20.339520 57647.8
2016 08 29 06 42 1.149000e+01 -139.233635 76.106467 57627.580984 -20.383276 57648
2016 08 29 06 43 1.149000e+01 -139.248353 76.106347 57627.659748 -20.428306 57648.1
2016 08 29 06 44 1.149000e+01 -139.263042 76.106235 57628.025159 -20.473439 57648.5
2016 08 29 06 45 1.149000e+01 -139.277772 76.106160 57628.644693 -20.519131 57649.2
2016 08 29 06 46 1.149000e+01 -139.292480 76.106095 57629.079978 -20.566775 57649.6
2016 08 29 06 47 1.149000e+01 -139.307213 76.105995 57629.613880 -20.617544 57650.2
2016 08 29 06 48 1.149000e+01 -139.322063 76.105925 57630.290016 -20.671990 57651
2016 08 29 06 49 1.149000e+01 -139.336907 76.105847 57630.898367 -20.731536 57651.6
2016 08 29 06 50 1.149000e+01 -139.351707 76.105755 57631.301575 -20.798247 57652.1
2016 08 29 06 51 1.149000e+01 -139.366420 76.105685 57631.868860 -20.870998 57652.7
2016 08 29 06 52 1.149000e+01 -139.381172 76.105618 57632.534206 -20.946461 57653.5
2016 08 29 06 53 1.149000e+01 -139.395920 76.105497 57633.445523 -21.024305 57654.5
2016 08 29 06 54 1.149000e+01 -139.410645 76.105450 57634.305399 -21.102356 57655.4
2016 08 29 06 55 1.149000e+01 -139.425380 76.105413 57635.082667 -21.180531 57656.3
2016 08 29 06 56 1.149000e+01 -139.440127 76.105327 57635.878877 -21.259792 57657.1
2016 08 29 06 57 1.149000e+01 -139.454840 76.105258 57636.621815 -21.339062 57658
2016 08 29 06 58 1.149000e+01 -139.469535 76.105185 57637.730569 -21.418838 57659.1
2016 08 29 06 59 1.149000e+01 -139.484195 76.105088 57638.968020 -21.498554 57660.5
2016 08 29 07 00 1.149000e+01 -139.498887 76.105010 57640.168981 -21.578478 57661.7
2016 08 29 07 01 1.149000e+01 -139.513560 76.104977 57641.658024 -21.659820 57663.3
2016 08 29 07 02 1.149000e+01 -139.528188 76.104920 57642.856595 -21.743381 57664.6
2016 08 29 07 03 1.149000e+01 -139.542853 76.104842 57644.148270 -21.829311 57666
2016 08 29 07 04 1.149000e+01 -139.557563 76.104750 57645.631196 -21.919020 57667.6
2016 08 29 07 05 1.149000e+01 -139.572345 76.104672 57646.967553 -22.012344 57669
2016 08 29 07 06 1.149000e+01 -139.587033 76.104553 57648.547645 -22.107141 57670.7
2016 08 29 07 07 1.149000e+01 -139.601800 76.104480 57650.207751 -22.203026 57672.4
2016 08 29 07 08 1.149000e+01 -139.616525 76.104378 57651.945553 -22.300050 57674.2
2016 08 29 07 09 1.149000e+01 -139.631195 76.104293 57653.525850 -22.396438 57675.9
2016 08 29 07 10 1.149000e+01 -139.645877 76.104223 57655.199127 -22.489286 57677.7
2016 08 29 07 11 1.149000e+01 -139.660605 76.104130 57656.820154 -22.581499 57679.4
2016 08 29 07 12 1.149000e+01 -139.675340 76.104028 57658.444273 -22.671051 57681.1
2016 08 29 07 13 1.149000e+01 -139.690097 76.103958 57660.151061 -22.758761 57682.9
2016 08 29 07 14 1.149000e+01 -139.704843 76.103882 57661.991860 -22.841764 57684.8
2016 08 29 07 15 1.149000e+01 -139.719612 76.103835 57664.178913 -22.920948 57687.1
2016 08 29 07 16 1.149000e+01 -139.734315 76.103800 57666.328244 -22.996245 57689.3
2016 08 29 07 17 1.149000e+01 -139.749018 76.103697 57668.291913 -23.067036 57691.4
2016 08 29 07 18 1.149000e+01 -139.763662 76.103568 57670.513857 -23.135427 57693.6
2016 08 29 07 19 1.149000e+01 -139.778338 76.103470 57672.590718 -23.203287 57695.8
2016 08 29 07 20 1.149000e+01 -139.792997 76.103383 57674.727439 -23.271351 57698
2016 08 29 07 21 1.149000e+01 -139.807605 76.103295 57676.774107 -23.336921 57700.1
2016 08 29 07 22 1.149000e+01 -139.822278 76.103215 57678.866314 -23.399039 57702.3
2016 08 29 07 23 1.149000e+01 -139.836935 76.103143 57680.831397 -23.460135 57704.3
2016 08 29 07 24 1.149000e+01 -139.851595 76.103058 57682.802633 -23.519996 57706.3
2016 08 29 07 25 1.149000e+01 -139.866270 76.102940 57684.792385 -23.577829 57708.4
2016 08 29 07 26 1.149000e+01 -139.880945 76.102823 57686.904377 -23.633355 57710.5
2016 08 29 07 27 1.149000e+01 -139.895617 76.102730 57688.869687 -23.683625 57712.6
2016 08 29 07 28 1.149000e+01 -139.910237 76.102697 57690.540397 -23.728329 57714.3
2016 08 29 07 29 1.149000e+01 -139.924815 76.102643 57692.125860 -23.769775 57715.9
2016 08 29 07 30 1.149000e+01 -139.939472 76.102560 57694.015343 -23.808732 57717.8
2016 08 29 07 31 1.149000e+01 -139.954095 76.102478 57695.450932 -23.846793 57719.3
2016 08 29 07 32 1.149000e+01 -139.968655 76.102402 57696.855283 -23.881338 57720.7
2016 08 29 07 33 1.149000e+01 -139.983215 76.102363 57698.077833 -23.912244 57722
2016 08 29 07 34 1.149000e+01 -139.997737 76.102280 57699.476771 -23.939519 57723.4
2016 08 29 07 35 1.149000e+01 -140.012277 76.102190 57700.800666 -23.963777 57724.8
2016 08 29 07 36 1.149000e+01 -140.026857 76.102143 57702.043076 -23.985982 57726
2016 08 29 07 37 1.149000e+01 -140.041378 76.102063 57702.966600 -24.007371 57727
2016 08 29 07 38 1.149000e+01 -140.055973 76.101968 57703.927592 -24.027648 57728
2016 08 29 07 39 1.149000e+01 -140.070605 76.101857 57704.953557 -24.046827 57729
2016 08 29 07 40 1.149000e+01 -140.085260 76.101792 57705.695670 -24.066427 57729.8
2016 08 29 07 41 1.149000e+01 -140.099832 76.101747 57706.227006 -24.086989 57730.3
2016 08 29 07 42 1.149000e+01 -140.114378 76.101638 57706.710166 -24.107777 57730.8
2016 08 29 07 43 1.149000e+01 -140.128925 76.101497 57706.993558 -24.128260 57731.1
2016 08 29 07 44 1.149000e+01 -140.143600 76.101393 57706.892535 -24.148663 57731
2016 08 29 07 45 1.149000e+01 -140.158195 76.101343 57706.726364 -24.167846 57730.9
2016 08 29 07 46 1.149000e+01 -140.172898 76.101283 57706.887106 -24.185130 57731.1
2016 08 29 07 47 1.149000e+01 -140.187623 76.101192 57706.823261 -24.200393 57731
2016 08 29 07 48 1.149000e+01 -140.202283 76.101090 57706.630219 -24.215729 57730.8
2016 08 29 07 49 1.149000e+01 -140.216950 76.101037 57706.229493 -24.232534 57730.5
2016 08 29 07 50 1.149000e+01 -140.231673 76.100963 57705.843629 -24.248925 57730.1
2016 08 29 07 51 1.149000e+01 -140.246382 76.100877 57705.193050 -24.265226 57729.5
2016 08 29 07 52 1.149000e+01 -140.261098 76.100827 57704.502766 -24.282590 57728.8
2016 08 29 07 53 1.149000e+01 -140.276048 76.100728 57703.806750 -24.300418 57728.1
2016 08 29 07 54 1.149000e+01 -140.290723 76.100613 57703.175311 -24.318811 57727.5
2016 08 29 07 55 1.149000e+01 -140.305107 76.100538 57702.445798 -24.337890 57726.8
2016 08 29 07 56 1.149000e+01 -140.319752 76.100490 57701.606767 -24.356422 57726
2016 08 29 07 57 1.149000e+01 -140.334447 76.100397 57700.227489 -24.372604 57724.6
2016 08 29 07 58 1.149000e+01 -140.349163 76.100292 57698.760345 -24.385483 57723.1
2016 08 29 07 59 1.149000e+01 -140.363843 76.100233 57697.148376 -24.395980 57721.5
2016 08 29 08 00 1.149000e+01 -140.378510 76.100132 57695.473520 -24.405877 57719.9
2016 08 29 08 01 1.149000e+01 -140.393112 76.100060 57693.938027 -24.415635 57718.4
2016 08 29 08 02 1.149000e+01 -140.407737 76.099995 57692.103699 -24.422959 57716.5
2016 08 29 08 03 1.449000e+01 -140.422988 76.099892 57690.368278 -24.427932 57714.8
2016 08 29 08 04 1.449000e+01 -140.437702 76.099838 57688.747179 -24.430087 57713.2
2016 08 29 08 05 1.449000e+01 -140.452402 76.099747 57687.111031 -24.430062 57711.5
2016 08 29 08 06 1.449000e+01 -140.467150 76.099668 57685.715620 -24.430765 57710.1
2016 08 29 08 07 1.449000e+01 -140.481937 76.099628 57684.597460 -24.429409 57709
2016 08 29 08 08 1.449000e+01 -140.496652 76.099485 57683.206188 -24.425822 57707.6
2016 08 29 08 09 1.449000e+01 -140.511333 76.099332 57681.863476 -24.420246 57706.3
2016 08 29 08 10 1.449000e+01 -140.526072 76.099225 57680.641550 -24.415010 57705.1
2016 08 29 08 11 1.449000e+01 -140.540827 76.099097 57679.260440 -24.411308 57703.7
2016 08 29 08 12 1.449000e+01 -140.555620 76.098990 57678.278001 -24.409052 57702.7
2016 08 29 08 13 1.449000e+01 -140.570408 76.098835 57677.451024 -24.408077 57701.9
2016 08 29 08 14 1.449000e+01 -140.585202 76.098687 57676.488432 -24.407326 57700.9
2016 08 29 08 15 1.449000e+01 -140.600027 76.098548 57675.826024 -24.406336 57700.2
2016 08 29 08 16 1.449000e+01 -140.614885 76.098453 57674.854391 -24.408383 57699.3
2016 08 29 08 17 1.449000e+01 -140.629745 76.098350 57674.084924 -24.416370 57698.5
2016 08 29 08 18 1.449000e+01 -140.645105 76.098200 57673.441362 -24.426898 57697.9
2016 08 29 08 19 1.449000e+01 -140.659907 76.098080 57672.602319 -24.440044 57697
2016 08 29 08 20 1.449000e+01 -140.674717 76.097947 57671.746624 -24.450358 57696.2
2016 08 29 08 21 1.449000e+01 -140.689598 76.097838 57670.868384 -24.457869 57695.3
2016 08 29 08 22 1.449000e+01 -140.703962 76.097738 57670.019101 -24.460146 57694.5
2016 08 29 08 23 1.449000e+01 -140.718818 76.097617 57669.210322 -24.456348 57693.7
2016 08 29 08 24 1.449000e+01 -140.733658 76.097502 57668.223472 -24.449448 57692.7
2016 08 29 08 25 1.449000e+01 -140.748448 76.097380 57667.314189 -24.439393 57691.8
2016 08 29 08 26 1.449000e+01 -140.763198 76.097272 57666.465165 -24.422933 57690.9
2016 08 29 08 27 1.449000e+01 -140.777945 76.097153 57665.705798 -24.405983 57690.1
2016 08 29 08 28 1.449000e+01 -140.792752 76.097055 57664.819054 -24.392698 57689.2
2016 08 29 08 29 1.449000e+01 -140.807547 76.096970 57664.225043 -24.384620 57688.6
2016 08 29 08 30 1.449000e+01 -140.822380 76.096865 57663.428214 -24.383217 57687.8
2016 08 29 08 31 1.449000e+01 -140.837170 76.096738 57662.217324 -24.384589 57686.6
2016 08 29 08 32 1.449000e+01 -140.851952 76.096568 57661.345555 -24.386197 57685.7
2016 08 29 08 33 1.449000e+01 -140.866720 76.096412 57660.604638 -24.392929 57685
2016 08 29 08 34 1.449000e+01 -140.881552 76.096275 57659.852275 -24.399570 57684.3
2016 08 29 08 35 1.449000e+01 -140.896447 76.096190 57659.123929 -24.401319 57683.5
2016 08 29 08 36 1.449000e+01 -140.911325 76.096105 57658.410952 -24.402871 57682.8
2016 08 29 08 37 1.449000e+01 -140.926198 76.095963 57657.800908 -24.412542 57682.2
2016 08 29 08 38 1.449000e+01 -140.941088 76.095807 57657.443448 -24.433558 57681.9
2016 08 29 08 39 1.449000e+01 -140.955957 76.095687 57657.228331 -24.465919 57681.7
2016 08 29 08 40 1.449000e+01 -140.970822 76.095563 57656.894319 -24.496873 57681.4
2016 08 29 08 41 1.449000e+01 -140.985663 76.095473 57656.518432 -24.528087 57681
2016 08 29 08 42 1.449000e+01 -141.000587 76.095392 57656.140221 -24.552928 57680.7
2016 08 29 08 43 1.449000e+01 -141.015480 76.095310 57655.515603 -24.585497 57680.1
2016 08 29 08 44 1.449000e+01 -141.030535 76.095155 57655.119231 -24.625604 57679.7
2016 08 29 08 45 1.449000e+01 -141.045312 76.095045 57655.213652 -24.675876 57679.9
2016 08 29 08 46 1.449000e+01 -141.059977 76.094943 57655.097235 -24.725584 57679.8
2016 08 29 08 47 1.449000e+01 -141.074537 76.094842 57655.131038 -24.761410 57679.9
2016 08 29 08 48 1.449000e+01 -141.089285 76.094713 57655.176828 -24.783022 57680
2016 08 29 08 49 1.449000e+01 -141.103583 76.094623 57655.431119 -24.798030 57680.2
2016 08 29 08 50 1.449000e+01 -141.118268 76.094498 57655.653296 -24.819141 57680.5
2016 08 29 08 51 1.449000e+01 -141.132653 76.094403 57655.783819 -24.855923 57680.6
2016 08 29 08 52 1.449000e+01 -141.147085 76.094252 57656.180776 -24.903280 57681.1
2016 08 29 08 53 1.449000e+01 -141.160952 76.094118 57656.417949 -24.958792 57681.4
2016 08 29 08 54 1.449000e+01 -141.175240 76.094000 57656.605550 -25.017232 57681.6
2016 08 29 08 55 1.449000e+01 -141.189728 76.093903 57656.631190 -25.069421 57681.7
2016 08 29 08 56 1.449000e+01 -141.204600 76.093782 57656.270498 -25.103391 57681.4
2016 08 29 08 57 1.449000e+01 -141.218508 76.093623 57656.104460 -25.139772 57681.2
2016 08 29 08 58 1.449000e+01 -141.232865 76.093492 57655.628242 -25.171462 57680.8
2016 08 29 08 59 1.449000e+01 -141.247238 76.093417 57655.162263 -25.200252 57680.4
2016 08 29 09 00 1.449000e+01 -141.261610 76.093300 57654.488618 -25.222674 57679.7
2016 08 29 09 01 1.449000e+01 -141.276020 76.093197 57653.847718 -25.238019 57679.1
2016 08 29 09 02 1.449000e+01 -141.290372 76.093112 57652.796596 -25.249949 57678
2016 08 29 09 03 1.749000e+01 -141.305167 76.092962 57651.667895 -25.262294 57676.9
2016 08 29 09 04 1.749000e+01 -141.319485 76.092883 57650.501523 -25.271894 57675.8
2016 08 29 09 05 1.749000e+01 -141.333792 76.092795 57649.139281 -25.277598 57674.4
2016 08 29 09 06 1.749000e+01 -141.348193 76.092732 57647.905249 -25.280622 57673.2
2016 08 29 09 07 1.749000e+01 -141.362485 76.092607 57646.891672 -25.280937 57672.2
2016 08 29 09 08 1.749000e+01 -141.376993 76.092505 57645.784515 -25.276292 57671.1
2016 08 29 09 09 1.749000e+01 -141.391428 76.092453 57644.862005 -25.265711 57670.1
2016 08 29 09 10 1.749000e+01 -141.405842 76.092367 57643.898026 -25.251396 57669.1
2016 08 29 09 11 1.749000e+01 -141.420472 76.092218 57643.033272 -25.236858 57668.3
2016 08 29 09 12 1.749000e+01 -141.434880 76.092152 57642.485661 -25.222313 57667.7
2016 08 29 09 13 1.749000e+01 -141.449247 76.092093 57642.146450 -25.209970 57667.4
2016 08 29 09 14 1.749000e+01 -141.463620 76.091985 57641.929574 -25.198626 57667.1
2016 08 29 09 15 1.749000e+01 -141.478012 76.091882 57642.172230 -25.189314 57667.4
2016 08 29 09 16 1.749000e+01 -141.492432 76.091835 57642.291966 -25.184013 57667.5
2016 08 29 09 17 1.749000e+01 -141.506918 76.091812 57642.677146 -25.181452 57667.9
2016 08 29 09 18 1.749000e+01 -141.521347 76.091678 57643.295785 -25.181690 57668.5
2016 08 29 09 19 1.749000e+01 -141.535780 76.091528 57644.291552 -25.184178 57669.5
2016 08 29 09 20 1.749000e+01 -141.550302 76.091412 57645.292093 -25.189403 57670.5
2016 08 29 09 21 1.749000e+01 -141.564790 76.091283 57646.366208 -25.195878 57671.6
2016 08 29 09 22 1.749000e+01 -141.579220 76.091113 57647.637518 -25.203467 57672.8
2016 08 29 09 23 1.749000e+01 -141.593732 76.090998 57649.064788 -25.213504 57674.3
2016 08 29 09 24 1.749000e+01 -141.608218 76.090893 57650.751584 -25.226012 57676
2016 08 29 09 25 1.749000e+01 -141.622470 76.090755 57652.552098 -25.240253 57677.8
2016 08 29 09 26 1.749000e+01 -141.636898 76.090578 57654.381806 -25.254713 57679.6
2016 08 29 09 27 1.749000e+01 -141.651568 76.090465 57656.327166 -25.267328 57681.6
2016 08 29 09 28 1.749000e+01 -141.665842 76.090367 57658.101691 -25.279545 57683.4
2016 08 29 09 29 1.749000e+01 -141.680293 76.090233 57659.677390 -25.290677 57685
2016 08 29 09 30 1.749000e+01 -141.694920 76.090058 57661.415925 -25.298872 57686.7
2016 08 29 09 31 1.749000e+01 -141.709087 76.089965 57662.930363 -25.306877 57688.2
2016 08 29 09 32 1.749000e+01 -141.723492 76.089855 57664.123851 -25.316535 57689.4
2016 08 29 09 33 1.749000e+01 -141.737947 76.089767 57665.041997 -25.329752 57690.4
2016 08 29 09 34 1.749000e+01 -141.752468 76.089670 57665.477150 -25.351334 57690.8
2016 08 29 09 35 1.749000e+01 -141.766985 76.089545 57665.583817 -25.381453 57691
2016 08 29 09 36 1.749000e+01 -141.781492 76.089403 57665.231829 -25.417529 57690.6
2016 08 29 09 37 1.749000e+01 -141.796130 76.089268 57664.614114 -25.456203 57690.1
2016 08 29 09 38 1.749000e+01 -141.810548 76.089198 57663.386104 -25.494556 57688.9
2016 08 29 09 39 1.749000e+01 -141.825027 76.089097 57661.860928 -25.530921 57687.4
2016 08 29 09 40 1.749000e+01 -141.839487 76.089003 57659.799790 -25.564135 57685.4
2016 08 29 09 41 1.749000e+01 -141.854003 76.088907 57657.638604 -25.593827 57683.2
2016 08 29 09 42 1.749000e+01 -141.868425 76.088778 57654.967547 -25.620102 57680.6
2016 08 29 09 43 1.749000e+01 -141.882918 76.088645 57651.906568 -25.641510 57677.5
2016 08 29 09 44 1.749000e+01 -141.897393 76.088502 57648.591488 -25.658041 57674.2
2016 08 29 09 45 1.749000e+01 -141.911817 76.088392 57645.263696 -25.671904 57670.9
2016 08 29 09 46 1.749000e+01 -141.926258 76.088300 57641.687714 -25.681904 57667.4
2016 08 29 09 47 1.749000e+01 -141.940723 76.088183 57638.197679 -25.687098 57663.9
2016 08 29 09 48 1.749000e+01 -141.955215 76.088085 57634.518308 -25.688163 57660.2
2016 08 29 09 49 1.749000e+01 -141.969667 76.087955 57630.946967 -25.685492 57656.6
2016 08 29 09 50 1.749000e+01 -141.984117 76.087832 57627.373299 -25.679292 57653.1
2016 08 29 09 51 1.749000e+01 -141.998443 76.087742 57623.892243 -25.669111 57649.6
2016 08 29 09 52 1.749000e+01 -142.012855 76.087645 57620.296111 -25.654378 57646
2016 08 29 09 53 1.749000e+01 -142.027293 76.087513 57617.142824 -25.635663 57642.8
2016 08 29 09 54 1.749000e+01 -142.041775 76.087440 57614.044426 -25.615798 57639.7
2016 08 29 09 55 1.749000e+01 -142.056180 76.087332 57611.446651 -25.596554 57637
2016 08 29 09 56 1.749000e+01 -142.070587 76.087198 57609.010093 -25.578190 57634.6
2016 08 29 09 57 1.749000e+01 -142.084823 76.087130 57607.073559 -25.559840 57632.6
2016 08 29 09 58 1.749000e+01 -142.099283 76.087048 57605.491007 -25.541354 57631
2016 08 29 09 59 1.749000e+01 -142.113748 76.086980 57604.509044 -25.524447 57630
2016 08 29 10 00 1.749000e+01 -142.128185 76.086868 57603.650766 -25.509969 57629.2
2016 08 29 10 01 1.749000e+01 -142.142627 76.086772 57603.345877 -25.496566 57628.8
2016 08 29 10 02 1.749000e+01 -142.157118 76.086682 57603.302617 -25.486405 57628.8
2016 08 29 10 03 1.749000e+01 -142.171568 76.086582 57604.061586 -25.482318 57629.5
2016 08 29 10 04 1.749000e+01 -142.185983 76.086500 57605.101098 -25.484444 57630.6
2016 08 29 10 05 1.749000e+01 -142.200662 76.086403 57606.673258 -25.484293 57632.2
2016 08 29 10 06 1.749000e+01 -142.215053 76.086327 57608.748795 -25.477093 57634.2
2016 08 29 10 07 1.749000e+01 -142.229485 76.086223 57611.256969 -25.457854 57636.7
2016 08 29 10 08 1.749000e+01 -142.243937 76.086117 57615.008309 -25.421205 57640.4
2016 08 29 10 09 1.749000e+01 -142.258430 76.086027 57618.759648 -25.366268 57644.1
2016 08 29 10 10 1.749000e+01 -142.272943 76.085932 57622.510987 -25.290456 57647.8
2016 08 29 10 11 1.749000e+01 -142.287440 76.085842 57626.262326 -25.201397 57651.5
2016 08 29 10 12 1.749000e+01 -142.301942 76.085760 57630.013666 -25.110442 57655.1
2016 08 29 10 13 1.749000e+01 -142.316413 76.085677 57633.765005 -25.018295 57658.8
2016 08 29 10 14 1.749000e+01 -142.331010 76.085620 57637.516345 -24.924650 57662.4
2016 08 29 10 15 1.749000e+01 -142.345575 76.085567 57641.883850 -24.832071 57666.7
2016 08 29 10 16 1.749000e+01 -142.360062 76.085460 57646.738713 -24.739960 57671.5
2016 08 29 10 17 1.749000e+01 -142.374587 76.085375 57651.750612 -24.644649 57676.4
2016 08 29 10 18 1.749000e+01 -142.389057 76.085290 57656.790547 -24.542239 57681.3
2016 08 29 10 19 1.749000e+01 -142.403573 76.085223 57661.924132 -24.433996 57686.4
2016 08 29 10 20 1.749000e+01 -142.418093 76.085168 57667.108529 -24.323989 57691.4
2016 08 29 10 21 1.749000e+01 -142.432563 76.085122 57672.335137 -24.196853 57696.5
2016 08 29 10 22 1.749000e+01 -142.447010 76.085078 57677.537623 -24.043313 57701.6
2016 08 29 10 23 1.749000e+01 -142.461405 76.084960 57682.772164 -23.875468 57706.6
2016 08 29 10 24 1.749000e+01 -142.475808 76.084837 57687.950702 -23.690287 57711.6
2016 08 29 10 25 1.749000e+01 -142.490230 76.084720 57692.921216 -23.475650 57716.4
2016 08 29 10 26 1.749000e+01 -142.504662 76.084607 57697.564291 -23.250307 57720.8
2016 08 29 10 27 1.749000e+01 -142.519138 76.084490 57702.556887 -23.025871 57725.6
2016 08 29 10 28 1.749000e+01 -142.533605 76.084378 57707.602077 -22.803015 57730.4
2016 08 29 10 29 1.749000e+01 -142.548110 76.084273 57712.813513 -22.588249 57735.4
2016 08 29 10 30 1.749000e+01 -142.562555 76.084147 57718.123676 -22.381441 57740.5
2016 08 29 10 31 1.749000e+01 -142.577117 76.084080 57723.543116 -22.178440 57745.7
2016 08 29 10 32 1.749000e+01 -142.591567 76.083992 57728.959583 -21.981673 57750.9
2016 08 29 10 33 1.749000e+01 -142.606087 76.083890 57734.377907 -21.789331 57756.2
2016 08 29 10 34 1.749000e+01 -142.620557 76.083792 57740.069600 -21.591180 57761.7
2016 08 29 10 35 1.749000e+01 -142.634990 76.083703 57745.610396 -21.386995 57767
2016 08 29 10 36 1.749000e+01 -142.649447 76.083595 57750.952379 -21.173087 57772.1
2016 08 29 10 37 1.749000e+01 -142.663885 76.083490 57756.319652 -20.941757 57777.3
2016 08 29 10 38 1.749000e+01 -142.678320 76.083405 57762.004827 -20.708889 57782.7
2016 08 29 10 39 1.749000e+01 -142.692792 76.083340 57768.014540 -20.447581 57788.5
2016 08 29 10 40 1.749000e+01 -142.707315 76.083267 57774.124311 -20.151726 57794.3
2016 08 29 10 41 1.749000e+01 -142.721798 76.083195 57780.271881 -19.874171 57800.1
2016 08 29 10 42 1.749000e+01 -142.736273 76.083117 57786.275334 -19.600067 57805.9
2016 08 29 10 43 1.749000e+01 -142.750730 76.083045 57792.166929 -19.316822 57811.5
2016 08 29 10 44 1.749000e+01 -142.765197 76.082963 57798.022782 -19.023440 57817
2016 08 29 10 45 1.749000e+01 -142.779680 76.082888 57803.810110 -18.713379 57822.5
2016 08 29 10 46 1.749000e+01 -142.794087 76.082767 57809.395140 -18.397345 57827.8
2016 08 29 10 47 1.749000e+01 -142.808442 76.082658 57814.562440 -18.087443 57832.6
2016 08 29 10 48 1.749000e+01 -142.822775 76.082567 57819.427115 -17.778928 57837.2
2016 08 29 10 49 1.749000e+01 -142.837090 76.082448 57824.122302 -17.463448 57841.6
2016 08 29 10 50 1.749000e+01 -142.851325 76.082310 57828.404968 -17.142040 57845.5
2016 08 29 10 51 1.749000e+01 -142.865570 76.082160 57832.013735 -16.811349 57848.8
2016 08 29 10 52 1.749000e+01 -142.879892 76.082012 57835.189437 -16.459653 57851.6
2016 08 29 10 53 1.749000e+01 -142.894183 76.081847 57837.737070 -16.093099 57853.8
2016 08 29 10 54 1.749000e+01 -142.908420 76.081672 57839.803570 -15.726171 57855.5
2016 08 29 10 55 1.749000e+01 -142.922767 76.081528 57841.213608 -15.361255 57856.6
2016 08 29 10 56 1.749000e+01 -142.936995 76.081368 57842.123985 -14.982775 57857.1
2016 08 29 10 57 1.749000e+01 -142.951263 76.081192 57842.253117 -14.572571 57856.8
2016 08 29 10 58 1.749000e+01 -142.965535 76.081037 57841.278262 -14.138689 57855.4
2016 08 29 10 59 1.749000e+01 -142.979823 76.080877 57839.581383 -13.720028 57853.3
2016 08 29 11 00 1.749000e+01 -142.994003 76.080678 57837.229802 -13.288570 57850.5
2016 08 29 11 01 1.749000e+01 -143.008273 76.080477 57834.417482 -12.876774 57847.3
2016 08 29 11 02 1.749000e+01 -143.022518 76.080277 57831.102301 -12.486594 57843.6
2016 08 29 11 03 1.749000e+01 -143.036760 76.080092 57827.425097 -12.105122 57839.5
2016 08 29 11 04 1.749000e+01 -143.051050 76.079917 57823.490428 -11.742430 57835.2
2016 08 29 11 05 1.749000e+01 -143.065330 76.079763 57819.111348 -11.390289 57830.5
2016 08 29 11 06 1.749000e+01 -143.079547 76.079590 57814.390844 -11.046233 57825.4
2016 08 29 11 07 1.749000e+01 -143.093713 76.079373 57809.443771 -10.706503 57820.2
2016 08 29 11 08 1.749000e+01 -143.107887 76.079222 57804.205290 -10.355892 57814.6
2016 08 29 11 09 1.749000e+01 -143.122068 76.079037 57798.994408 -9.993189 57809
2016 08 29 11 10 1.749000e+01 -143.136243 76.078865 57793.915473 -9.617240 57803.5
2016 08 29 11 11 1.749000e+01 -143.150490 76.078668 57789.167658 -9.220954 57798.4
2016 08 29 11 12 1.749000e+01 -143.164538 76.078463 57784.576747 -8.790815 57793.4
2016 08 29 11 13 1.749000e+01 -143.178660 76.078260 57780.176062 -8.323439 57788.5
2016 08 29 11 14 1.749000e+01 -143.192783 76.078098 57776.127746 -7.821537 57783.9
2016 08 29 11 15 1.749000e+01 -143.207068 76.077952 57772.639837 -7.319609 57780
2016 08 29 11 16 1.749000e+01 -143.221497 76.077765 57769.566407 -6.803823 57776.4
2016 08 29 11 17 1.749000e+01 -143.236123 76.077650 57766.974586 -6.290456 57773.3
2016 08 29 11 18 1.749000e+01 -143.250800 76.077620 57764.683762 -5.767758 57770.5
2016 08 29 11 19 1.749000e+01 -143.265558 76.077630 57762.771505 -5.234026 57768
2016 08 29 11 20 1.749000e+01 -143.280265 76.077652 57761.394163 -4.695332 57766.1
2016 08 29 11 21 1.749000e+01 -143.294962 76.077610 57760.449166 -4.155799 57764.6
2016 08 29 11 22 1.749000e+01 -143.309767 76.077603 57760.001954 -3.613591 57763.6
2016 08 29 11 23 1.749000e+01 -143.324532 76.077565 57759.976305 -3.065898 57763
2016 08 29 11 24 1.749000e+01 -143.339267 76.077532 57760.329222 -2.503603 57762.8
2016 08 29 11 25 1.749000e+01 -143.354048 76.077558 57761.094139 -1.918269 57763
2016 08 29 11 26 1.749000e+01 -143.368762 76.077528 57762.028618 -1.314136 57763.3
2016 08 29 11 27 1.749000e+01 -143.383478 76.077475 57763.291274 -0.697175 57764
2016 08 29 11 28 1.749000e+01 -143.398175 76.077432 57764.655983 -0.067459 57764.7
2016 08 29 11 29 1.749000e+01 -143.412862 76.077435 57766.026863 0.567121 57765.5
2016 08 29 11 30 1.749000e+01 -143.427535 76.077370 57767.592110 1.201285 57766.4
2016 08 29 11 31 1.749000e+01 -143.442155 76.077255 57769.096436 1.836786 57767.3
2016 08 29 11 32 1.749000e+01 -143.456773 76.077127 57770.738007 2.473841 57768.3
2016 08 29 11 33 1.749000e+01 -143.471453 76.077060 57772.328327 3.110082 57769.2
2016 08 29 11 34 1.749000e+01 -143.486048 76.076963 57773.998965 3.740000 57770.3
2016 08 29 11 35 1.749000e+01 -143.500668 76.076862 57775.628822 4.374261 57771.3
2016 08 29 11 36 1.749000e+01 -143.515278 76.076773 57777.212963 4.994679 57772.2
2016 08 29 11 37 1.749000e+01 -143.529813 76.076662 57778.496787 5.609890 57772.9
2016 08 29 11 38 1.749000e+01 -143.544348 76.076527 57779.337800 6.220905 57773.1
2016 08 29 11 39 1.749000e+01 -143.558877 76.076452 57779.918274 6.821717 57773.1
2016 08 29 11 40 1.749000e+01 -143.573448 76.076387 57780.201435 7.415266 57772.8
2016 08 29 11 41 1.749000e+01 -143.587958 76.076348 57780.385837 8.012412 57772.4
2016 08 29 11 42 1.749000e+01 -143.602520 76.076283 57780.661878 8.614445 57772
2016 08 29 11 43 1.749000e+01 -143.617095 76.076187 57780.899277 9.216576 57771.7
2016 08 29 11 44 1.749000e+01 -143.631685 76.076127 57780.985928 9.823461 57771.2
2016 08 29 11 45 1.749000e+01 -143.646200 76.076067 57780.744711 10.438083 57770.3
2016 08 29 11 46 1.749000e+01 -143.660745 76.076008 57780.181523 11.053165 57769.1
2016 08 29 11 47 1.749000e+01 -143.675250 76.075963 57779.393636 11.670886 57767.7
2016 08 29 11 48 1.749000e+01 -143.689758 76.075910 57778.158723 12.286586 57765.9
2016 08 29 11 49 1.749000e+01 -143.704203 76.075838 57776.531482 12.893461 57763.6
2016 08 29 11 50 1.749000e+01 -143.718678 76.075758 57774.683690 13.493143 57761.2
2016 08 29 11 51 1.749000e+01 -143.733137 76.075657 57772.384334 14.093869 57758.3
2016 08 29 11 52 1.749000e+01 -143.747585 76.075527 57769.813717 14.699733 57755.1
2016 08 29 11 53 1.749000e+01 -143.761983 76.075400 57767.125824 15.306749 57751.8
2016 08 29 11 54 1.749000e+01 -143.776420 76.075265 57764.273074 15.909882 57748.4
2016 08 29 11 55 1.749000e+01 -143.790802 76.074967 57761.295502 16.511476 57744.8
2016 08 29 11 56 1.749000e+01 -143.805208 76.074627 57758.238557 17.109107 57741.1
2016 08 29 11 57 1.749000e+01 -143.819533 76.074163 57755.020087 17.702194 57737.3
2016 08 29 11 58 1.749000e+01 -143.833863 76.073682 57751.637671 18.287909 57733.3
2016 08 29 11 59 1.749000e+01 -143.848182 76.073095 57748.405173 18.855192 57729.5
2016 08 29 12 00 1.749000e+01 -143.862392 76.072427 57745.370242 19.405134 57726
2016 08 29 12 01 1.749000e+01 -143.876562 76.071758 57742.339840 19.953522 57722.4
2016 08 29 12 02 1.749000e+01 -143.890848 76.071177 57739.485647 20.497937 57719
2016 08 29 12 03 2.049000e+01 -143.905708 76.070710 57736.865266 21.075886 57715.8
2016 08 29 12 04 2.049000e+01 -143.920093 76.070292 57734.398663 21.636865 57712.8
2016 08 29 12 05 2.049000e+01 -143.934490 76.069862 57732.017493 22.191838 57709.8
2016 08 29 12 06 2.049000e+01 -143.948875 76.069500 57729.657860 22.743661 57706.9
2016 08 29 12 07 2.049000e+01 -143.963412 76.069328 57727.257444 23.319401 57703.9
2016 08 29 12 08 2.049000e+01 -143.977957 76.069295 57725.017265 23.886078 57701.1
2016 08 29 12 09 2.049000e+01 -143.992458 76.069308 57722.660924 24.441325 57698.2
2016 08 29 12 10 2.049000e+01 -144.006975 76.069313 57720.263602 24.989450 57695.3
2016 08 29 12 11 2.049000e+01 -144.021525 76.069352 57718.111855 25.524136 57692.6
2016 08 29 12 12 2.049000e+01 -144.036000 76.069358 57715.965435 26.055646 57689.9
2016 08 29 12 13 2.049000e+01 -144.050467 76.069433 57714.022348 26.587645 57687.4
2016 08 29 12 14 2.049000e+01 -144.064933 76.069497 57712.370517 27.116747 57685.3
2016 08 29 12 15 2.049000e+01 -144.079270 76.069563 57710.596689 27.635683 57683
2016 08 29 12 16 2.049000e+01 -144.093635 76.069657 57709.206043 28.144466 57681.1
2016 08 29 12 17 2.049000e+01 -144.108047 76.069728 57707.930061 28.646720 57679.3
2016 08 29 12 18 2.049000e+01 -144.122490 76.069783 57706.691494 29.153732 57677.5
2016 08 29 12 19 2.049000e+01 -144.136810 76.069852 57705.510217 29.677559 57675.8
2016 08 29 12 20 2.049000e+01 -144.151138 76.070038 57704.446405 30.205425 57674.2
2016 08 29 12 21 2.049000e+01 -144.165445 76.070255 57703.453252 30.745418 57672.7
2016 08 29 12 22 2.049000e+01 -144.179763 76.070475 57702.624539 31.291522 57671.3
2016 08 29 12 23 2.049000e+01 -144.194135 76.070635 57701.824661 31.851512 57670
2016 08 29 12 24 2.049000e+01 -144.208437 76.070590 57701.077899 32.418027 57668.7
2016 08 29 12 25 2.049000e+01 -144.222748 76.070482 57700.044738 32.975934 57667.1
2016 08 29 12 26 2.049000e+01 -144.237055 76.070385 57699.177719 33.529924 57665.6
2016 08 29 12 27 2.049000e+01 -144.251412 76.070347 57698.248185 34.065034 57664.2
2016 08 29 12 28 2.049000e+01 -144.265830 76.070433 57696.871967 34.570571 57662.3
2016 08 29 12 29 2.049000e+01 -144.280263 76.070512 57695.272729 35.057060 57660.2
2016 08 29 12 30 2.049000e+01 -144.294673 76.070572 57693.713670 35.517480 57658.2
2016 08 29 12 31 2.049000e+01 -144.309087 76.070557 57692.128799 35.934927 57656.2
2016 08 29 12 32 2.049000e+01 -144.323527 76.070557 57690.788123 36.339958 57654.4
2016 08 29 12 33 2.049000e+01 -144.337975 76.070530 57689.552384 36.742803 57652.8
2016 08 29 12 34 2.049000e+01 -144.352403 76.070525 57688.274693 37.136327 57651.1
2016 08 29 12 35 2.049000e+01 -144.366823 76.070453 57687.014226 37.536052 57649.5
2016 08 29 12 36 2.049000e+01 -144.381183 76.070377 57686.157301 37.941963 57648.2
2016 08 29 12 37 2.049000e+01 -144.395553 76.070310 57685.046978 38.331183 57646.7
2016 08 29 12 38 2.049000e+01 -144.409857 76.070207 57684.053737 38.716293 57645.3
2016 08 29 12 39 2.049000e+01 -144.424278 76.070105 57683.192183 39.088341 57644.1
2016 08 29 12 40 2.049000e+01 -144.438722 76.070030 57682.667760 39.449985 57643.2
2016 08 29 12 41 2.049000e+01 -144.453132 76.069955 57681.289361 39.819482 57641.5
2016 08 29 12 42 2.049000e+01 -144.467462 76.069863 57680.310823 40.181676 57640.1
2016 08 29 12 43 2.049000e+01 -144.481755 76.069770 57679.835870 40.563652 57639.3
2016 08 29 12 44 2.049000e+01 -144.496068 76.069683 57679.669960 40.936029 57638.7
2016 08 29 12 45 2.049000e+01 -144.510465 76.069595 57679.577106 41.212774 57638.4
2016 08 29 12 46 2.049000e+01 -144.524843 76.069473 57680.030884 41.413769 57638.6
2016 08 29 12 47 2.049000e+01 -144.539303 76.069350 57680.339859 41.592805 57638.7
2016 08 29 12 48 2.049000e+01 -144.553770 76.069217 57680.728220 41.745171 57639
2016 08 29 12 49 2.049000e+01 -144.568197 76.069082 57681.500968 41.870419 57639.6
2016 08 29 12 50 2.049000e+01 -144.582685 76.068945 57682.171912 41.978150 57640.2
2016 08 29 12 51 2.049000e+01 -144.597147 76.068800 57682.721048 42.064184 57640.7
2016 08 29 12 52 2.049000e+01 -144.611520 76.068623 57683.717760 42.112535 57641.6
2016 08 29 12 53 2.049000e+01 -144.625833 76.068463 57684.761328 42.169527 57642.6
2016 08 29 12 54 2.049000e+01 -144.640152 76.068325 57685.977056 42.344330 57643.6
2016 08 29 12 55 2.049000e+01 -144.654500 76.068210 57687.224176 42.626501 57644.6
2016 08 29 12 56 2.049000e+01 -144.668833 76.068040 57688.607912 42.900579 57645.7
2016 08 29 12 57 2.049000e+01 -144.683227 76.067897 57689.808176 43.178551 57646.6
2016 08 29 12 58 2.049000e+01 -144.697622 76.067757 57691.178848 43.427518 57647.8
2016 08 29 12 59 2.049000e+01 -144.712008 76.067625 57692.439864 43.552335 57648.9
2016 08 29 13 00 2.049000e+01 -144.726378 76.067475 57693.610088 43.564344 57650
2016 08 29 13 01 2.049000e+01 -144.740723 76.067320 57694.573869 43.541334 57651
2016 08 29 13 02 2.049000e+01 -144.755083 76.067173 57695.545014 43.514274 57652
2016 08 29 13 03 2.049000e+01 -144.769438 76.067010 57696.339804 43.468562 57652.9
2016 08 29 13 04 2.049000e+01 -144.783785 76.066890 57697.057185 43.430494 57653.6
2016 08 29 13 05 2.049000e+01 -144.798097 76.066768 57697.466786 43.480306 57654
2016 08 29 13 06 2.049000e+01 -144.812380 76.066620 57698.043395 43.633518 57654.4
2016 08 29 13 07 2.049000e+01 -144.826700 76.066532 57698.719337 43.874049 57654.8
2016 08 29 13 08 2.049000e+01 -144.841003 76.066420 57699.290670 44.152523 57655.1
2016 08 29 13 09 2.049000e+01 -144.855268 76.066323 57699.807176 44.455647 57655.4
2016 08 29 13 10 2.049000e+01 -144.869582 76.066188 57700.087585 44.806426 57655.3
2016 08 29 13 11 2.049000e+01 -144.883930 76.066087 57699.561684 45.164739 57654.4
2016 08 29 13 12 2.049000e+01 -144.898190 76.066005 57699.077141 45.471009 57653.6
2016 08 29 13 13 2.049000e+01 -144.912490 76.065883 57698.176657 45.727441 57652.4
2016 08 29 13 14 2.049000e+01 -144.926777 76.065752 57696.592335 45.938412 57650.7
2016 08 29 13 15 2.049000e+01 -144.941005 76.065655 57694.940168 46.136490 57648.8
2016 08 29 13 16 2.049000e+01 -144.955287 76.065563 57693.387655 46.317731 57647.1
2016 08 29 13 17 2.049000e+01 -144.969508 76.065457 57691.981767 46.472953 57645.5
2016 08 29 13 18 2.049000e+01 -144.983815 76.065342 57690.284250 46.622873 57643.7
2016 08 29 13 19 2.049000e+01 -144.998057 76.065235 57688.523975 46.744070 57641.8
2016 08 29 13 20 2.049000e+01 -145.012273 76.065132 57687.046676 46.826620 57640.2
2016 08 29 13 21 2.049000e+01 -145.026550 76.065012 57685.685653 46.898936 57638.8
2016 08 29 13 22 2.049000e+01 -145.040897 76.064885 57684.221155 46.952407 57637.3
2016 08 29 13 23 2.049000e+01 -145.055232 76.064747 57683.085262 46.981197 57636.1
2016 08 29 13 24 2.049000e+01 -145.069588 76.064620 57682.025240 46.967148 57635.1
2016 08 29 13 25 2.049000e+01 -145.083932 76.064515 57680.865719 46.915698 57634
2016 08 29 13 26 2.049000e+01 -145.098200 76.064393 57680.213460 46.859100 57633.4
2016 08 29 13 27 2.049000e+01 -145.112403 76.064267 57679.664280 46.818713 57632.8
2016 08 29 13 28 2.049000e+01 -145.126733 76.064122 57679.330554 46.781928 57632.5
2016 08 29 13 29 2.049000e+01 -145.141152 76.064007 57679.195931 46.721571 57632.5
2016 08 29 13 30 2.049000e+01 -145.155638 76.063877 57679.179686 46.629918 57632.5
2016 08 29 13 31 2.049000e+01 -145.170132 76.063765 57678.922821 46.501452 57632.4
2016 08 29 13 32 2.049000e+01 -145.184645 76.063687 57678.897574 46.361727 57632.5
2016 08 29 13 33 2.049000e+01 -145.199072 76.063548 57679.349527 46.218370 57633.1
2016 08 29 13 34 2.049000e+01 -145.213538 76.063473 57679.600821 46.097602 57633.5
2016 08 29 13 35 2.049000e+01 -145.228060 76.063433 57680.294792 46.000672 57634.3
2016 08 29 13 36 2.049000e+01 -145.242648 76.063482 57681.247887 45.923751 57635.3
2016 08 29 13 37 2.049000e+01 -145.257188 76.063415 57682.452152 45.852606 57636.6
2016 08 29 13 38 2.049000e+01 -145.271652 76.063212 57683.952967 45.761255 57638.2
2016 08 29 13 39 2.049000e+01 -145.286238 76.063097 57685.651257 45.617756 57640
2016 08 29 13 40 2.049000e+01 -145.300880 76.063120 57687.686513 45.431092 57642.3
2016 08 29 13 41 2.049000e+01 -145.315537 76.063215 57689.890856 45.219508 57644.7
2016 08 29 13 42 2.049000e+01 -145.330257 76.063392 57691.869674 44.999074 57646.9
2016 08 29 13 43 2.049000e+01 -145.344980 76.063570 57693.799257 44.786722 57649
2016 08 29 13 44 2.049000e+01 -145.359700 76.063717 57695.911304 44.600216 57651.3
2016 08 29 13 45 2.049000e+01 -145.374387 76.063737 57697.828025 44.466422 57653.4
2016 08 29 13 46 2.049000e+01 -145.388903 76.063777 57699.665343 44.404280 57655.3
2016 08 29 13 47 2.049000e+01 -145.403223 76.063792 57701.015462 44.387418 57656.6
2016 08 29 13 48 2.049000e+01 -145.417437 76.063748 57702.058460 44.393208 57657.7
2016 08 29 13 49 2.049000e+01 -145.431665 76.063715 57703.019567 44.428652 57658.6
2016 08 29 13 50 2.049000e+01 -145.445932 76.063692 57704.012921 44.485048 57659.5
2016 08 29 13 51 2.049000e+01 -145.460257 76.063673 57704.604596 44.541498 57660.1
2016 08 29 13 52 2.049000e+01 -145.474585 76.063657 57705.052733 44.582886 57660.5
2016 08 29 13 53 2.049000e+01 -145.488927 76.063633 57705.157978 44.601665 57660.6
2016 08 29 13 54 2.049000e+01 -145.503338 76.063602 57705.134421 44.600518 57660.5
2016 08 29 13 55 2.049000e+01 -145.517745 76.063543 57705.136348 44.577624 57660.6
2016 08 29 13 56 2.049000e+01 -145.532172 76.063433 57705.062826 44.539156 57660.5
2016 08 29 13 57 2.049000e+01 -145.546630 76.063402 57704.758042 44.488232 57660.3
2016 08 29 13 58 2.049000e+01 -145.561147 76.063467 57704.292047 44.428644 57659.9
2016 08 29 13 59 2.049000e+01 -145.575583 76.063507 57703.601906 44.361142 57659.2
2016 08 29 14 00 2.049000e+01 -145.590037 76.063563 57702.648524 44.294691 57658.4
2016 08 29 14 01 2.049000e+01 -145.604473 76.063620 57701.704572 44.239684 57657.5
2016 08 29 14 02 2.049000e+01 -145.618900 76.063630 57700.600495 44.203966 57656.4
2016 08 29 14 03 2.349000e+01 -145.633797 76.063627 57699.228301 44.192176 57655
2016 08 29 14 04 2.349000e+01 -145.648182 76.063525 57697.973247 44.200239 57653.8
2016 08 29 14 05 2.349000e+01 -145.662537 76.063333 57696.362770 44.233170 57652.1
2016 08 29 14 06 2.349000e+01 -145.676807 76.062973 57694.548973 44.284248 57650.3
2016 08 29 14 07 2.349000e+01 -145.691132 76.062627 57692.686960 44.319058 57648.4
2016 08 29 14 08 2.349000e+01 -145.705172 76.062000 57690.847313 44.347416 57646.5
2016 08 29 14 09 2.349000e+01 -145.719135 76.061242 57688.931179 44.361571 57644.6
2016 08 29 14 10 2.349000e+01 -145.733285 76.060675 57686.687218 44.339407 57642.3
2016 08 29 14 11 2.349000e+01 -145.747648 76.060435 57684.362085 44.302814 57640.1
2016 08 29 14 12 2.349000e+01 -145.762072 76.060423 57682.062486 44.254392 57637.8
2016 08 29 14 13 2.349000e+01 -145.776537 76.060462 57679.557927 44.177139 57635.4
2016 08 29 14 14 2.349000e+01 -145.790968 76.060510 57677.191197 44.098019 57633.1
2016 08 29 14 15 2.349000e+01 -145.805392 76.060583 57675.202490 44.029106 57631.2
2016 08 29 14 16 2.349000e+01 -145.819807 76.060688 57673.586494 43.965504 57629.6
2016 08 29 14 17 2.349000e+01 -145.834207 76.060782 57672.004849 43.901295 57628.1
2016 08 29 14 18 2.349000e+01 -145.848560 76.060825 57670.662741 43.822170 57626.8
2016 08 29 14 19 2.349000e+01 -145.862893 76.060858 57669.409031 43.712678 57625.7
2016 08 29 14 20 2.349000e+01 -145.877175 76.060820 57667.970859 43.563099 57624.4
2016 08 29 14 21 2.349000e+01 -145.891482 76.060808 57666.279268 43.375593 57622.9
2016 08 29 14 22 2.349000e+01 -145.905733 76.060783 57664.723297 43.162813 57621.6
2016 08 29 14 23 2.349000e+01 -145.919980 76.060745 57663.321241 42.924913 57620.4
2016 08 29 14 24 2.349000e+01 -145.934200 76.060722 57661.940682 42.673014 57619.3
2016 08 29 14 25 2.349000e+01 -145.948500 76.060722 57660.327909 42.382463 57617.9
2016 08 29 14 26 2.349000e+01 -145.962737 76.060700 57658.869927 42.065715 57616.8
2016 08 29 14 27 2.349000e+01 -145.976855 76.060687 57658.206236 41.724208 57616.5
2016 08 29 14 28 2.349000e+01 -145.990975 76.060640 57657.125219 41.376418 57615.7
2016 08 29 14 29 2.349000e+01 -146.005185 76.060543 57656.330046 41.011788 57615.3
2016 08 29 14 30 2.349000e+01 -146.019542 76.060497 57655.506843 40.651543 57614.9
2016 08 29 14 31 2.349000e+01 -146.033960 76.060430 57654.850349 40.305800 57614.5
2016 08 29 14 32 2.349000e+01 -146.048345 76.060350 57654.494099 39.968352 57614.5
2016 08 29 14 33 2.349000e+01 -146.062742 76.060275 57653.988019 39.634531 57614.4
2016 08 29 14 34 2.349000e+01 -146.077120 76.060188 57653.743417 39.311290 57614.4
2016 08 29 14 35 2.349000e+01 -146.091558 76.060132 57654.340574 39.015008 57615.3
2016 08 29 14 36 2.349000e+01 -146.105963 76.060042 57654.798044 38.758210 57616
2016 08 29 14 37 2.349000e+01 -146.120430 76.059982 57655.245944 38.535631 57616.7
2016 08 29 14 38 2.349000e+01 -146.134803 76.059933 57655.503875 38.311839 57617.2
2016 08 29 14 39 2.349000e+01 -146.149180 76.059908 57656.019284 38.054714 57618
2016 08 29 14 40 2.349000e+01 -146.163493 76.059797 57656.456043 37.771926 57618.7
2016 08 29 14 41 2.349000e+01 -146.177853 76.059665 57656.932090 37.445400 57619.5
2016 08 29 14 42 2.349000e+01 -146.192220 76.059538 57657.554259 37.073836 57620.5
2016 08 29 14 43 2.349000e+01 -146.206568 76.059393 57658.618519 36.702600 57621.9
2016 08 29 14 44 2.349000e+01 -146.220983 76.059268 57659.994224 36.305033 57623.7
2016 08 29 14 45 2.349000e+01 -146.235392 76.059128 57661.038840 35.904615 57625.1
2016 08 29 14 46 2.349000e+01 -146.249735 76.058978 57662.369150 35.481189 57626.9
2016 08 29 14 47 2.349000e+01 -146.264102 76.058882 57664.296804 35.015901 57629.3
2016 08 29 14 48 2.349000e+01 -146.278425 76.058747 57665.720452 34.525259 57631.2
2016 08 29 14 49 2.349000e+01 -146.292818 76.058627 57666.897904 33.980250 57632.9
2016 08 29 14 50 2.349000e+01 -146.307225 76.058527 57667.973142 33.405284 57634.6
2016 08 29 14 51 2.349000e+01 -146.321582 76.058442 57669.250585 32.875385 57636.4
2016 08 29 14 52 2.349000e+01 -146.335892 76.058317 57670.130623 32.411438 57637.7
2016 08 29 14 53 2.349000e+01 -146.350195 76.058195 57671.154356 31.998348 57639.2
2016 08 29 14 54 2.349000e+01 -146.364488 76.058053 57672.102420 31.645054 57640.5
2016 08 29 14 55 2.349000e+01 -146.378748 76.057918 57673.850096 31.363317 57642.5
2016 08 29 14 56 2.349000e+01 -146.393042 76.057828 57675.978229 31.139305 57644.8
2016 08 29 14 57 2.349000e+01 -146.407375 76.057673 57677.700033 30.958845 57646.7
2016 08 29 14 58 2.349000e+01 -146.421628 76.057480 57679.499375 30.813738 57648.7
2016 08 29 14 59 2.349000e+01 -146.435790 76.057407 57681.062296 30.687964 57650.4
2016 08 29 15 00 2.349000e+01 -146.449970 76.057295 57682.284495 30.448447 57651.8
2016 08 29 15 01 2.349000e+01 -146.464203 76.057160 57683.557951 30.041246 57653.5
2016 08 29 15 02 2.349000e+01 -146.478308 76.057048 57684.740543 29.631170 57655.1
2016 08 29 15 03 2.349000e+01 -146.492477 76.057005 57685.863897 29.189269 57656.7
2016 08 29 15 04 2.349000e+01 -146.506550 76.056922 57686.806362 28.748383 57658.1
2016 08 29 15 05 2.349000e+01 -146.520688 76.056842 57687.956422 28.364408 57659.6
2016 08 29 15 06 2.349000e+01 -146.535008 76.056727 57688.704917 28.057365 57660.6
2016 08 29 15 07 2.349000e+01 -146.549507 76.056617 57689.092631 27.776171 57661.3
2016 08 29 15 08 2.349000e+01 -146.564062 76.056575 57689.419170 27.500046 57661.9
2016 08 29 15 09 2.349000e+01 -146.578667 76.056578 57690.250320 27.223363 57663
2016 08 29 15 10 2.349000e+01 -146.593047 76.056555 57690.693260 26.917827 57663.8
2016 08 29 15 11 2.349000e+01 -146.607273 76.056522 57690.850307 26.540970 57664.3
2016 08 29 15 12 2.349000e+01 -146.621368 76.056460 57691.029810 26.060680 57665
2016 08 29 15 13 2.349000e+01 -146.635393 76.056392 57691.115084 25.483599 57665.6
2016 08 29 15 14 2.349000e+01 -146.649587 76.056302 57690.857555 24.865830 57666
2016 08 29 15 15 2.349000e+01 -146.663830 76.056273 57690.433438 24.247805 57666.2
2016 08 29 15 16 2.349000e+01 -146.677873 76.056192 57690.207686 23.592466 57666.6
2016 08 29 15 17 2.349000e+01 -146.691820 76.056078 57690.437931 22.925402 57667.5
2016 08 29 15 18 2.349000e+01 -146.705738 76.055968 57690.299211 22.312812 57668
2016 08 29 15 19 2.349000e+01 -146.719383 76.055883 57689.878085 21.770506 57668.1
2016 08 29 15 20 2.349000e+01 -146.732948 76.055747 57689.772812 21.295693 57668.5
2016 08 29 15 21 2.349000e+01 -146.746460 76.055612 57690.073205 20.846253 57669.2
2016 08 29 15 22 2.349000e+01 -146.759977 76.055468 57690.271177 20.436193 57669.8
2016 08 29 15 23 2.349000e+01 -146.773490 76.055372 57690.582527 20.057169 57670.5
2016 08 29 15 24 2.349000e+01 -146.786983 76.055238 57690.715898 19.667642 57671
2016 08 29 15 25 2.349000e+01 -146.800482 76.055097 57690.452987 19.273836 57671.2
2016 08 29 15 26 2.349000e+01 -146.813988 76.055012 57690.352644 18.885689 57671.5
2016 08 29 15 27 2.349000e+01 -146.827462 76.054922 57690.157445 18.512413 57671.6
2016 08 29 15 28 2.349000e+01 -146.841005 76.054793 57690.006658 18.163370 57671.8
2016 08 29 15 29 2.349000e+01 -146.854510 76.054685 57690.099141 17.856658 57672.2
2016 08 29 15 30 2.349000e+01 -146.868033 76.054597 57690.560480 17.609623 57673
2016 08 29 15 31 2.349000e+01 -146.881528 76.054492 57690.782313 17.410249 57673.4
2016 08 29 15 32 2.349000e+01 -146.894930 76.054355 57690.915241 17.223873 57673.7
2016 08 29 15 33 2.349000e+01 -146.908267 76.054223 57691.557735 17.035187 57674.5
2016 08 29 15 34 2.349000e+01 -146.921552 76.054120 57692.099010 16.859661 57675.2
2016 08 29 15 35 2.349000e+01 -146.934730 76.053975 57692.453797 16.718768 57675.7
2016 08 29 15 36 2.349000e+01 -146.947835 76.053797 57692.748540 16.605167 57676.1
2016 08 29 15 37 2.349000e+01 -146.960892 76.053637 57693.115553 16.505575 57676.6
2016 08 29 15 38 2.349000e+01 -146.973820 76.053487 57693.703894 16.379562 57677.3
2016 08 29 15 39 2.349000e+01 -146.986695 76.053325 57694.463324 16.210784 57678.3
2016 08 29 15 40 2.349000e+01 -146.999592 76.053275 57695.483081 15.965288 57679.5
2016 08 29 15 41 2.349000e+01 -147.012427 76.053233 57696.435719 15.646619 57680.8
2016 08 29 15 42 2.349000e+01 -147.025195 76.053107 57697.524738 15.259984 57682.3
2016 08 29 15 43 2.349000e+01 -147.038032 76.053007 57698.569489 14.826475 57683.7
2016 08 29 15 44 2.349000e+01 -147.050825 76.052890 57699.784472 14.373185 57685.4
2016 08 29 15 45 2.349000e+01 -147.063562 76.052745 57701.150058 13.943049 57687.2
2016 08 29 15 46 2.349000e+01 -147.076288 76.052638 57702.800574 13.542887 57689.3
2016 08 29 15 47 2.349000e+01 -147.088968 76.052525 57704.413148 13.150052 57691.3
2016 08 29 15 48 2.349000e+01 -147.101567 76.052390 57706.115906 12.761535 57693.4
2016 08 29 15 49 2.349000e+01 -147.114150 76.052282 57707.610721 12.371969 57695.2
2016 08 29 15 50 2.349000e+01 -147.126392 76.052175 57709.304444 11.962238 57697.3
2016 08 29 15 51 2.349000e+01 -147.138270 76.052075 57710.706472 11.525433 57699.2
2016 08 29 15 52 2.349000e+01 -147.150138 76.051938 57712.078383 11.061946 57701
2016 08 29 15 53 2.349000e+01 -147.161903 76.051833 57713.310512 10.583891 57702.7
2016 08 29 15 54 2.349000e+01 -147.173570 76.051733 57714.688531 10.093051 57704.6
2016 08 29 15 55 2.349000e+01 -147.185285 76.051638 57716.094922 9.593560 57706.5
2016 08 29 15 56 2.349000e+01 -147.196995 76.051530 57717.754342 9.082367 57708.7
2016 08 29 15 57 2.349000e+01 -147.208725 76.051433 57719.465763 8.569939 57710.9
2016 08 29 15 58 2.349000e+01 -147.220420 76.051338 57720.810667 8.067291 57712.7
2016 08 29 15 59 2.349000e+01 -147.232123 76.051247 57722.283357 7.589127 57714.7
2016 08 29 16 00 2.349000e+01 -147.243902 76.051143 57723.853814 7.135546 57716.7
2016 08 29 16 01 2.349000e+01 -147.255678 76.051053 57725.588405 6.720723 57718.9
2016 08 29 16 02 2.349000e+01 -147.267613 76.050918 57727.227179 6.336780 57720.9
2016 08 29 16 03 2.649000e+01 -147.280100 76.050813 57728.851935 5.944103 57722.9
2016 08 29 16 04 2.649000e+01 -147.292167 76.050748 57730.632268 5.558217 57725.1
2016 08 29 16 05 2.649000e+01 -147.304295 76.050700 57732.482575 5.152821 57727.3
2016 08 29 16 06 2.649000e+01 -147.316443 76.050742 57733.881147 4.713563 57729.2
2016 08 29 16 07 2.649000e+01 -147.328607 76.050792 57735.201105 4.229875 57731
2016 08 29 16 08 2.649000e+01 -147.340938 76.050848 57736.356827 3.695409 57732.7
2016 08 29 16 09 2.649000e+01 -147.353517 76.050865 57737.762677 3.110968 57734.7
2016 08 29 16 10 2.649000e+01 -147.366167 76.050870 57739.078517 2.482832 57736.6
2016 08 29 16 11 2.649000e+01 -147.378938 76.050858 57740.411456 1.823479 57738.6
2016 08 29 16 12 2.649000e+01 -147.391572 76.050873 57741.216152 1.153601 57740.1
2016 08 29 16 13 2.649000e+01 -147.403988 76.050837 57742.185425 0.497070 57741.7
2016 08 29 16 14 2.649000e+01 -147.416228 76.050802 57743.160600 -0.134369 57743.3
2016 08 29 16 15 2.649000e+01 -147.428373 76.050753 57743.911350 -0.741019 57744.7
2016 08 29 16 16 2.649000e+01 -147.440480 76.050680 57744.796555 -1.318983 57746.1
2016 08 29 16 17 2.649000e+01 -147.452645 76.050578 57745.920262 -1.867019 57747.8
2016 08 29 16 18 2.649000e+01 -147.464782 76.050522 57747.223569 -2.395048 57749.6
2016 08 29 16 19 2.649000e+01 -147.476930 76.050525 57748.370547 -2.915340 57751.3
2016 08 29 16 20 2.649000e+01 -147.489035 76.050498 57749.383701 -3.431325 57752.8
2016 08 29 16 21 2.649000e+01 -147.501147 76.050365 57750.008794 -3.968931 57754
2016 08 29 16 22 2.649000e+01 -147.513138 76.050082 57750.663978 -4.517451 57755.2
2016 08 29 16 23 2.649000e+01 -147.525222 76.049802 57751.045532 -5.083968 57756.1
2016 08 29 16 24 2.649000e+01 -147.537377 76.049582 57751.311891 -5.666254 57757
2016 08 29 16 25 2.649000e+01 -147.549550 76.049388 57751.946113 -6.248974 57758.2
2016 08 29 16 26 2.649000e+01 -147.561798 76.049145 57752.992571 -6.829802 57759.8
2016 08 29 16 27 2.649000e+01 -147.573922 76.048917 57754.047685 -7.400924 57761.4
2016 08 29 16 28 2.649000e+01 -147.586182 76.048657 57755.007485 -7.947433 57763
2016 08 29 16 29 2.649000e+01 -147.598748 76.048402 57755.831301 -8.448223 57764.3
2016 08 29 16 30 2.649000e+01 -147.611435 76.048127 57757.140487 -8.903494 57766
2016 08 29 16 31 2.649000e+01 -147.624188 76.047888 57758.229632 -9.327126 57767.6
2016 08 29 16 32 2.649000e+01 -147.636958 76.047708 57759.314646 -9.726676 57769
2016 08 29 16 33 2.649000e+01 -147.649700 76.047555 57760.413660 -10.109802 57770.5
2016 08 29 16 34 2.649000e+01 -147.662502 76.047397 57761.636159 -10.483405 57772.1
2016 08 29 16 35 2.649000e+01 -147.675325 76.047275 57762.751533 -10.854377 57773.6
2016 08 29 16 36 2.649000e+01 -147.688150 76.047140 57763.630000 -11.253462 57774.9
2016 08 29 16 37 2.649000e+01 -147.700710 76.046998 57764.782565 -11.679218 57776.5
2016 08 29 16 38 2.649000e+01 -147.713150 76.047002 57765.704360 -12.111308 57777.8
2016 08 29 16 39 2.649000e+01 -147.725488 76.047020 57766.374696 -12.549472 57778.9
2016 08 29 16 40 2.649000e+01 -147.737885 76.047038 57767.144172 -12.987733 57780.1
2016 08 29 16 41 2.649000e+01 -147.750428 76.047043 57767.853394 -13.444744 57781.3
2016 08 29 16 42 2.649000e+01 -147.763085 76.047028 57768.362538 -13.900814 57782.3
2016 08 29 16 43 2.649000e+01 -147.775743 76.046990 57768.806902 -14.326702 57783.1
2016 08 29 16 44 2.649000e+01 -147.788378 76.046972 57769.241052 -14.712406 57784
2016 08 29 16 45 2.649000e+01 -147.800820 76.046925 57769.732368 -15.036091 57784.8
2016 08 29 16 46 2.649000e+01 -147.813135 76.046873 57769.883183 -15.305249 57785.2
2016 08 29 16 47 2.649000e+01 -147.825270 76.046838 57770.332698 -15.533509 57785.9
2016 08 29 16 48 2.649000e+01 -147.837343 76.046815 57770.791828 -15.747474 57786.5
2016 08 29 16 49 2.649000e+01 -147.849283 76.046773 57771.243150 -15.971660 57787.2
2016 08 29 16 50 2.649000e+01 -147.861093 76.046707 57771.788533 -16.197363 57788
2016 08 29 16 51 2.649000e+01 -147.872868 76.046628 57772.126671 -16.409482 57788.5
2016 08 29 16 52 2.649000e+01 -147.884688 76.046575 57772.187470 -16.581040 57788.8
2016 08 29 16 53 2.649000e+01 -147.896497 76.046532 57772.257739 -16.681449 57788.9
2016 08 29 16 54 2.649000e+01 -147.908200 76.046502 57772.442210 -16.718435 57789.2
2016 08 29 16 55 2.649000e+01 -147.919937 76.046427 57772.489278 -16.691206 57789.2
2016 08 29 16 56 2.649000e+01 -147.931635 76.046378 57772.545992 -16.614489 57789.2
2016 08 29 16 57 2.649000e+01 -147.943355 76.046322 57772.588113 -16.561096 57789.1
2016 08 29 16 58 2.649000e+01 -147.954958 76.046237 57772.776194 -16.552496 57789.3
2016 08 29 16 59 2.649000e+01 -147.966613 76.046188 57772.727589 -16.570856 57789.3
2016 08 29 17 00 2.649000e+01 -147.978313 76.046165 57772.599219 -16.655776 57789.3
2016 08 29 17 01 2.649000e+01 -147.990023 76.046152 57772.747924 -16.815989 57789.6
2016 08 29 17 02 2.649000e+01 -148.001752 76.046117 57773.016315 -17.039452 57790.1
2016 08 29 17 03 2.649000e+01 -148.013487 76.046050 57773.109639 -17.268983 57790.4
2016 08 29 17 04 2.649000e+01 -148.025283 76.045997 57773.293733 -17.499081 57790.8
2016 08 29 17 05 2.649000e+01 -148.037048 76.046038 57773.550990 -17.722565 57791.3
2016 08 29 17 06 2.649000e+01 -148.048803 76.046083 57774.122155 -17.932974 57792.1
2016 08 29 17 07 2.649000e+01 -148.060575 76.045973 57774.522470 -18.139221 57792.7
2016 08 29 17 08 2.649000e+01 -148.072460 76.045893 57774.795091 -18.318817 57793.1
2016 08 29 17 09 2.649000e+01 -148.084352 76.045812 57775.422399 -18.477688 57793.9
2016 08 29 17 10 2.649000e+01 -148.096153 76.045740 57776.300807 -18.613895 57794.9
2016 08 29 17 11 2.649000e+01 -148.108065 76.045662 57777.416251 -18.718181 57796.1
2016 08 29 17 12 2.649000e+01 -148.120020 76.045575 57778.320170 -18.792110 57797.1
2016 08 29 17 13 2.649000e+01 -148.131937 76.045490 57779.401079 -18.852924 57798.3
2016 08 29 17 14 2.649000e+01 -148.143892 76.045418 57780.898181 -18.916315 57799.8
2016 08 29 17 15 2.649000e+01 -148.155795 76.045328 57782.475325 -18.978312 57801.5
2016 08 29 17 16 2.649000e+01 -148.167685 76.045162 57784.077220 -19.039465 57803.1
2016 08 29 17 17 2.649000e+01 -148.179585 76.044902 57785.796892 -19.107956 57804.9
2016 08 29 17 18 2.649000e+01 -148.191473 76.044617 57787.847158 -19.181355 57807
2016 08 29 17 19 2.649000e+01 -148.203380 76.044343 57789.956211 -19.240454 57809.2
2016 08 29 17 20 2.649000e+01 -148.215300 76.044088 57791.972387 -19.307224 57811.3
2016 08 29 17 21 2.649000e+01 -148.227180 76.043828 57794.302403 -19.377873 57813.7
2016 08 29 17 22 2.649000e+01 -148.238987 76.043558 57796.876483 -19.452466 57816.3
2016 08 29 17 23 2.649000e+01 -148.250680 76.043270 57799.526707 -19.542927 57819.1
2016 08 29 17 24 2.649000e+01 -148.262328 76.042998 57802.026013 -19.657649 57821.7
2016 08 29 17 25 2.649000e+01 -148.273963 76.042740 57804.342241 -19.805484 57824.1
2016 08 29 17 26 2.649000e+01 -148.285813 76.042582 57806.538436 -19.976795 57826.5
2016 08 29 17 27 2.649000e+01 -148.297808 76.042457 57809.071418 -20.191167 57829.3
2016 08 29 17 28 2.649000e+01 -148.309850 76.042435 57811.646325 -20.453266 57832.1
2016 08 29 17 29 2.649000e+01 -148.321898 76.042495 57814.174089 -20.738790 57834.9
2016 08 29 17 30 2.649000e+01 -148.333948 76.042535 57816.202541 -21.038636 57837.2
2016 08 29 17 31 2.649000e+01 -148.346025 76.042587 57818.240202 -21.349683 57839.6
2016 08 29 17 32 2.649000e+01 -148.357975 76.042658 57820.342819 -21.672737 57842
2016 08 29 17 33 2.649000e+01 -148.369812 76.042727 57822.379347 -22.009874 57844.4
2016 08 29 17 34 2.649000e+01 -148.381678 76.042780 57824.697856 -22.367623 57847.1
2016 08 29 17 35 2.649000e+01 -148.393448 76.042833 57826.613308 -22.750346 57849.4
2016 08 29 17 36 2.649000e+01 -148.405220 76.042865 57828.280505 -23.153351 57851.4
2016 08 29 17 37 2.649000e+01 -148.416995 76.042928 57829.869684 -23.581010 57853.5
2016 08 29 17 38 2.649000e+01 -148.428793 76.042950 57831.429135 -24.036324 57855.5
2016 08 29 17 39 2.649000e+01 -148.440577 76.042907 57833.108025 -24.529113 57857.6
2016 08 29 17 40 2.649000e+01 -148.452302 76.042872 57834.421684 -25.037240 57859.5
2016 08 29 17 41 2.649000e+01 -148.464065 76.042832 57835.670215 -25.553197 57861.2
2016 08 29 17 42 2.649000e+01 -148.475692 76.042805 57836.519539 -26.073927 57862.6
2016 08 29 17 43 2.649000e+01 -148.487440 76.042757 57837.603910 -26.571677 57864.2
2016 08 29 17 44 2.649000e+01 -148.499255 76.042718 57838.202336 -27.035868 57865.2
2016 08 29 17 45 2.649000e+01 -148.511008 76.042685 57838.539588 -27.469868 57866
2016 08 29 17 46 2.649000e+01 -148.522857 76.042652 57838.795575 -27.864927 57866.7
2016 08 29 17 47 2.649000e+01 -148.534890 76.042645 57839.071964 -28.201923 57867.3
2016 08 29 17 48 2.649000e+01 -148.546918 76.042647 57839.270133 -28.496033 57867.8
2016 08 29 17 49 2.649000e+01 -148.559093 76.042635 57839.278898 -28.756296 57868
2016 08 29 17 50 2.649000e+01 -148.571238 76.042655 57838.831578 -28.984464 57867.8
2016 08 29 17 51 2.649000e+01 -148.583357 76.042633 57838.357020 -29.186001 57867.5
2016 08 29 17 52 2.649000e+01 -148.595400 76.042607 57837.682750 -29.368559 57867.1
2016 08 29 17 53 2.649000e+01 -148.607462 76.042567 57836.867840 -29.542947 57866.4
2016 08 29 17 54 2.649000e+01 -148.619568 76.042545 57835.566900 -29.717308 57865.3
2016 08 29 17 55 2.649000e+01 -148.631690 76.042558 57834.429870 -29.897873 57864.3
2016 08 29 17 56 2.649000e+01 -148.643807 76.042493 57833.587720 -30.092728 57863.7
2016 08 29 17 57 2.649000e+01 -148.655892 76.042365 57832.431980 -30.307665 57862.7
2016 08 29 17 58 2.649000e+01 -148.667950 76.042257 57830.972090 -30.546674 57861.5
2016 08 29 17 59 2.649000e+01 -148.679997 76.042162 57829.378470 -30.807672 57860.2
2016 08 29 18 00 2.649000e+01 -148.691982 76.042070 57827.824600 -31.081992 57858.9
2016 08 29 18 01 2.649000e+01 -148.703998 76.041933 57825.959790 -31.392764 57857.4
2016 08 29 18 02 2.649000e+01 -148.716037 76.041860 57824.240392 -31.736311 57856
2016 08 29 18 03 2.949000e+01 -148.728492 76.041823 57822.261997 -32.101110 57854.4
2016 08 29 18 04 2.949000e+01 -148.740498 76.041760 57820.395376 -32.457763 57852.9
2016 08 29 18 05 2.949000e+01 -148.752518 76.041712 57818.554001 -32.844576 57851.4
2016 08 29 18 06 2.949000e+01 -148.764578 76.041663 57816.296919 -33.248181 57849.5
2016 08 29 18 07 2.949000e+01 -148.776638 76.041528 57814.297093 -33.671850 57848
2016 08 29 18 08 2.949000e+01 -148.788633 76.041392 57812.044704 -34.111536 57846.2
2016 08 29 18 09 2.949000e+01 -148.800632 76.041258 57809.874323 -34.519967 57844.4
2016 08 29 18 10 2.949000e+01 -148.812722 76.041090 57807.684891 -34.895769 57842.6
2016 08 29 18 11 2.949000e+01 -148.825043 76.040910 57805.829550 -35.253798 57841.1
2016 08 29 18 12 2.949000e+01 -148.837525 76.040783 57804.222246 -35.587829 57839.8
2016 08 29 18 13 2.949000e+01 -148.850097 76.040722 57802.299565 -35.881310 57838.2
2016 08 29 18 14 2.949000e+01 -148.862652 76.040648 57800.398848 -36.136680 57836.5
2016 08 29 18 15 2.949000e+01 -148.875272 76.040595 57798.611952 -36.371902 57835
2016 08 29 18 16 2.949000e+01 -148.887855 76.040513 57796.298039 -36.607558 57832.9
2016 08 29 18 17 2.949000e+01 -148.900495 76.040443 57793.924436 -36.843984 57830.8
2016 08 29 18 18 2.949000e+01 -148.913273 76.040392 57791.664722 -37.085380 57828.8
2016 08 29 18 19 2.949000e+01 -148.926223 76.040307 57789.324623 -37.356313 57826.7
2016 08 29 18 20 2.949000e+01 -148.939435 76.040185 57786.941947 -37.632522 57824.6
2016 08 29 18 21 2.949000e+01 -148.952848 76.040115 57784.498153 -37.903332 57822.4
2016 08 29 18 22 2.949000e+01 -148.966468 76.040132 57781.760321 -38.178962 57819.9
2016 08 29 18 23 2.949000e+01 -148.980325 76.040078 57779.546844 -38.452824 57818
2016 08 29 18 24 2.949000e+01 -148.994262 76.039867 57776.980097 -38.744950 57815.7
2016 08 29 18 25 2.949000e+01 -149.008270 76.039668 57774.500292 -39.036483 57813.5
2016 08 29 18 26 2.949000e+01 -149.022382 76.039583 57772.097062 -39.299724 57811.4
2016 08 29 18 27 2.949000e+01 -149.036587 76.039587 57769.431861 -39.531186 57809
2016 08 29 18 28 2.949000e+01 -149.050732 76.039595 57766.836718 -39.737827 57806.6
2016 08 29 18 29 2.949000e+01 -149.064857 76.039628 57764.556732 -39.932531 57804.5
2016 08 29 18 30 2.949000e+01 -149.078995 76.039662 57762.537345 -40.107212 57802.6
2016 08 29 18 31 2.949000e+01 -149.093190 76.039673 57760.586776 -40.233672 57800.8
2016 08 29 18 32 2.949000e+01 -149.107497 76.039667 57758.918088 -40.334076 57799.3
2016 08 29 18 33 2.949000e+01 -149.121950 76.039703 57757.318190 -40.440757 57797.8
2016 08 29 18 34 2.949000e+01 -149.136488 76.039697 57755.614262 -40.581754 57796.2
2016 08 29 18 35 2.949000e+01 -149.150885 76.039418 57753.397313 -40.766071 57794.2
2016 08 29 18 36 2.949000e+01 -149.165337 76.039087 57750.483090 -40.965373 57791.4
2016 08 29 18 37 2.949000e+01 -149.179967 76.038935 57747.252288 -41.154634 57788.4
2016 08 29 18 38 2.949000e+01 -149.194383 76.038843 57744.125328 -41.343604 57785.5
2016 08 29 18 39 2.949000e+01 -149.208562 76.038735 57741.596476 -41.560655 57783.2
2016 08 29 18 40 3.349000e+01 -149.223587 76.038617 57738.655087 -41.799414 57780.5
2016 08 29 18 41 3.349000e+01 -149.237597 76.038520 57736.448459 -41.979848 57778.4
2016 08 29 18 42 3.349000e+01 -149.251525 76.038403 57734.482253 -42.130232 57776.6
2016 08 29 18 43 3.349000e+01 -149.265353 76.038283 57732.758331 -42.274829 57775
2016 08 29 18 44 3.349000e+01 -149.279290 76.038172 57731.133994 -42.421475 57773.6
2016 08 29 18 45 3.349000e+01 -149.293298 76.038060 57729.548661 -42.565811 57772.1
2016 08 29 18 46 3.349000e+01 -149.307407 76.037955 57728.292483 -42.705723 57771
2016 08 29 18 47 3.349000e+01 -149.321573 76.037850 57726.983330 -42.877030 57769.9
2016 08 29 18 48 3.349000e+01 -149.335750 76.037780 57725.828011 -43.084383 57768.9
2016 08 29 18 49 3.349000e+01 -149.349887 76.037623 57724.932566 -43.322183 57768.3
2016 08 29 18 50 3.349000e+01 -149.364012 76.037385 57724.204804 -43.604386 57767.8
2016 08 29 18 51 3.349000e+01 -149.378163 76.037133 57723.533737 -43.902023 57767.4
2016 08 29 18 52 3.349000e+01 -149.392372 76.036910 57723.187596 -44.189350 57767.4
2016 08 29 18 53 3.349000e+01 -149.406630 76.036668 57723.120900 -44.471148 57767.6
2016 08 29 18 54 3.349000e+01 -149.420890 76.036425 57723.207362 -44.728658 57767.9
2016 08 29 18 55 3.349000e+01 -149.435170 76.036225 57723.655605 -44.947351 57768.6
2016 08 29 18 56 3.349000e+01 -149.449375 76.035983 57724.675786 -45.166939 57769.8
2016 08 29 18 57 3.349000e+01 -149.463652 76.035820 57725.939825 -45.395581 57771.3
2016 08 29 18 58 3.349000e+01 -149.478005 76.035748 57726.968063 -45.680727 57772.6
2016 08 29 18 59 3.349000e+01 -149.492277 76.035575 57728.446086 -46.005656 57774.5
2016 08 29 19 00 3.349000e+01 -149.506508 76.035375 57730.381012 -46.350797 57776.7
2016 08 29 19 01 3.349000e+01 -149.520722 76.035160 57732.737538 -46.726579 57779.5
2016 08 29 19 02 3.349000e+01 -149.534947 76.034948 57735.381515 -47.080484 57782.5
2016 08 29 19 03 3.349000e+01 -149.549243 76.034912 57737.455346 -47.414679 57784.9
2016 08 29 19 04 3.349000e+01 -149.563512 76.035128 57739.638041 -47.729866 57787.4
2016 08 29 19 05 3.349000e+01 -149.577722 76.035468 57742.142837 -47.996422 57790.1
2016 08 29 19 06 3.349000e+01 -149.591897 76.035705 57744.507115 -48.252635 57792.8
2016 08 29 19 07 3.349000e+01 -149.606087 76.035832 57747.257296 -48.513793 57795.8
2016 08 29 19 08 3.349000e+01 -149.620285 76.035945 57750.209050 -48.773135 57799
2016 08 29 19 09 3.349000e+01 -149.634468 76.036055 57752.571138 -49.026444 57801.6
2016 08 29 19 10 3.349000e+01 -149.648885 76.036133 57754.694493 -49.278235 57804
2016 08 29 19 11 3.349000e+01 -149.662893 76.036152 57757.240671 -49.523089 57806.8
2016 08 29 19 12 3.349000e+01 -149.677065 76.036115 57759.896752 -49.749569 57809.6
2016 08 29 19 13 3.349000e+01 -149.691223 76.036000 57762.583148 -49.975239 57812.6
2016 08 29 19 14 3.349000e+01 -149.705432 76.035898 57765.046584 -50.220214 57815.3
2016 08 29 19 15 3.349000e+01 -149.719568 76.035813 57767.412932 -50.458589 57817.9
2016 08 29 19 16 3.349000e+01 -149.733983 76.035778 57770.190738 -50.688435 57820.9
2016 08 29 19 17 3.349000e+01 -149.748205 76.035692 57773.646172 -50.935090 57824.6
2016 08 29 19 18 3.349000e+01 -149.762417 76.035595 57776.811246 -51.172060 57828
2016 08 29 19 19 3.349000e+01 -149.776592 76.035537 57779.623985 -51.405411 57831
2016 08 29 19 20 3.349000e+01 -149.790865 76.035550 57782.613706 -51.646533 57834.3
2016 08 29 19 21 3.349000e+01 -149.804780 76.035645 57785.797816 -51.875812 57837.7
2016 08 29 19 22 3.349000e+01 -149.818888 76.035685 57788.308526 -52.078955 57840.4
2016 08 29 19 23 3.349000e+01 -149.833110 76.035658 57790.627431 -52.253147 57842.9
2016 08 29 19 24 3.349000e+01 -149.847550 76.035603 57793.096248 -52.428591 57845.5
2016 08 29 19 25 3.349000e+01 -149.862142 76.035540 57795.510293 -52.601420 57848.1
2016 08 29 19 26 3.349000e+01 -149.876700 76.035472 57797.627082 -52.764135 57850.4
2016 08 29 19 27 3.349000e+01 -149.891275 76.035423 57799.754309 -52.921762 57852.7
2016 08 29 19 28 3.349000e+01 -149.905932 76.035380 57801.664923 -53.066522 57854.7
2016 08 29 19 29 3.349000e+01 -149.920648 76.035210 57803.388889 -53.188339 57856.6
2016 08 29 19 30 3.349000e+01 -149.935235 76.034972 57805.102053 -53.294653 57858.4
2016 08 29 19 31 3.349000e+01 -149.949753 76.034725 57806.647494 -53.392452 57860
2016 08 29 19 32 3.349000e+01 -149.964228 76.034468 57807.773804 -53.483201 57861.3
2016 08 29 19 33 3.349000e+01 -149.978727 76.034203 57807.580430 -53.550459 57861.1
2016 08 29 19 34 3.349000e+01 -149.993227 76.033908 57806.061749 -53.585001 57859.6
2016 08 29 19 35 3.349000e+01 -150.006872 76.032968 57804.237474 -53.601740 57857.8
2016 08 29 19 36 3.349000e+01 -150.018922 76.031252 57802.918711 -53.602447 57856.5
2016 08 29 19 37 3.349000e+01 -150.030153 76.029275 57801.303450 -53.589296 57854.9
2016 08 29 19 38 3.349000e+01 -150.041162 76.027223 57799.034233 -53.592783 57852.6
2016 08 29 19 39 3.349000e+01 -150.052028 76.025287 57797.794438 -53.617684 57851.4
2016 08 29 19 40 3.349000e+01 -150.061525 76.023628 57796.500233 -53.629357 57850.1
2016 08 29 19 41 3.349000e+01 -150.070457 76.022095 57794.519940 -53.632008 57848.2
2016 08 29 19 42 3.349000e+01 -150.079747 76.020493 57792.707163 -53.605876 57846.3
2016 08 29 19 43 3.349000e+01 -150.089192 76.018902 57791.394031 -53.540687 57844.9
2016 08 29 19 44 3.349000e+01 -150.098717 76.017263 57789.203822 -53.428049 57842.6
2016 08 29 19 45 3.349000e+01 -150.107743 76.015555 57786.591441 -53.291018 57839.9
2016 08 29 19 46 3.349000e+01 -150.116137 76.014155 57783.674448 -53.135540 57836.8
2016 08 29 19 47 3.349000e+01 -150.123737 76.013213 57780.554442 -52.955521 57833.5
2016 08 29 19 48 3.349000e+01 -150.130142 76.012388 57778.143045 -52.765240 57830.9
2016 08 29 19 49 3.349000e+01 -150.135615 76.011525 57776.535685 -52.573540 57829.1
2016 08 29 19 50 3.349000e+01 -150.140775 76.010673 57775.094239 -52.362586 57827.5
2016 08 29 19 51 3.349000e+01 -150.146787 76.009707 57774.121349 -52.140635 57826.3
2016 08 29 19 52 3.349000e+01 -150.153847 76.008635 57774.181116 -51.920492 57826.1
2016 08 29 19 53 3.349000e+01 -150.161690 76.007553 57774.357218 -51.685515 57826
2016 08 29 19 54 3.349000e+01 -150.170172 76.006533 57773.569901 -51.441332 57825
2016 08 29 19 55 3.349000e+01 -150.179047 76.005592 57772.516311 -51.205251 57823.7
2016 08 29 19 56 3.349000e+01 -150.188102 76.004757 57771.437919 -50.968597 57822.4
2016 08 29 19 57 3.349000e+01 -150.197315 76.004672 57770.462069 -50.722589 57821.2
2016 08 29 19 58 3.349000e+01 -150.206743 76.004907 57769.076427 -50.493579 57819.6
2016 08 29 19 59 3.349000e+01 -150.217293 76.005305 57767.322843 -50.262375 57817.6
2016 08 29 20 00 3.349000e+01 -150.229125 76.005432 57766.521750 -50.009846 57816.5
2016 08 29 20 01 3.349000e+01 -150.241708 76.005142 57767.177713 -49.741219 57816.9
2016 08 29 20 02 3.349000e+01 -150.254112 76.004252 57766.894715 -49.489933 57816.4
2016 08 29 20 03 3.349000e+01 -150.266270 76.002977 57765.956384 -49.220896 57815.2
2016 08 29 20 04 3.349000e+01 -150.277897 76.001407 57765.098108 -48.920123 57814
2016 08 29 20 05 3.349000e+01 -150.288015 75.999323 57764.647553 -48.637612 57813.3
2016 08 29 20 06 3.349000e+01 -150.297678 75.997045 57765.535629 -48.332479 57813.9
2016 08 29 20 07 3.349000e+01 -150.307877 75.994822 57767.548181 -47.996178 57815.5
2016 08 29 20 08 3.349000e+01 -150.318582 75.992678 57769.944294 -47.659116 57817.6
2016 08 29 20 09 3.349000e+01 -150.329638 75.990583 57772.977190 -47.321976 57820.3
2016 08 29 20 10 3.349000e+01 -150.340658 75.988530 57775.967007 -46.974303 57822.9
2016 08 29 20 11 3.349000e+01 -150.352162 75.986647 57779.645378 -46.636542 57826.3
2016 08 29 20 12 3.349000e+01 -150.364133 75.984895 57783.065106 -46.299935 57829.4
2016 08 29 20 13 3.349000e+01 -150.376313 75.983238 57785.866174 -45.944278 57831.8
2016 08 29 20 14 3.349000e+01 -150.388632 75.981678 57789.993453 -45.594606 57835.6
2016 08 29 20 15 3.349000e+01 -150.400735 75.980022 57794.843921 -45.261677 57840.1
2016 08 29 20 16 3.349000e+01 -150.412452 75.978258 57799.272852 -44.919408 57844.2
2016 08 29 20 17 3.349000e+01 -150.424447 75.976568 57802.922224 -44.562460 57847.5
2016 08 29 20 18 3.349000e+01 -150.436545 75.974940 57807.476912 -44.207692 57851.7
2016 08 29 20 19 3.349000e+01 -150.448762 75.973303 57812.866500 -43.860436 57856.7
2016 08 29 20 20 3.349000e+01 -150.460852 75.971680 57817.594924 -43.498895 57861.1
2016 08 29 20 21 3.349000e+01 -150.472922 75.970052 57822.058814 -43.120528 57865.2
2016 08 29 20 22 3.349000e+01 -150.485115 75.968462 57827.784920 -42.723993 57870.5
2016 08 29 20 23 3.349000e+01 -150.497495 75.966935 57833.471760 -42.337318 57875.8
2016 08 29 20 24 3.349000e+01 -150.509972 75.965463 57836.486696 -41.935087 57878.4
2016 08 29 20 25 3.349000e+01 -150.522255 75.963925 57839.894627 -41.529856 57881.4
2016 08 29 20 26 3.349000e+01 -150.534545 75.962395 57842.855024 -41.135136 57884
2016 08 29 20 27 3.349000e+01 -150.546730 75.960800 57844.671735 -40.743962 57885.4
2016 08 29 20 28 3.349000e+01 -150.558617 75.959088 57847.203376 -40.355201 57887.6
2016 08 29 20 29 3.349000e+01 -150.570858 75.957518 57848.514646 -39.939990 57888.5
2016 08 29 20 30 3.349000e+01 -150.583092 75.955948 57849.575230 -39.511466 57889.1
2016 08 29 20 31 3.349000e+01 -150.594938 75.954237 57850.631897 -39.089108 57889.7
2016 08 29 20 32 3.349000e+01 -150.606655 75.952472 57851.879087 -38.673965 57890.6
2016 08 29 20 33 3.349000e+01 -150.619052 75.951030 57852.769469 -38.247786 57891
2016 08 29 20 34 3.349000e+01 -150.632423 75.950297 57852.822815 -37.799342 57890.6
2016 08 29 20 35 3.349000e+01 -150.646162 75.950062 57852.253000 -37.347215 57889.6
2016 08 29 20 36 3.349000e+01 -150.659953 75.950023 57852.348000 -36.911591 57889.3
2016 08 29 20 37 3.349000e+01 -150.673537 75.950410 57852.031542 -36.492299 57888.5
2016 08 29 20 38 3.349000e+01 -150.685910 75.951787 57850.218727 -36.096053 57886.3
2016 08 29 20 39 3.349000e+01 -150.697147 75.953623 57847.785355 -35.738335 57883.5
2016 08 29 20 40 3.649000e+01 -150.708160 75.955762 57845.340523 -35.373881 57880.7
2016 08 29 20 41 3.649000e+01 -150.718810 75.957863 57843.871803 -35.002786 57878.9
2016 08 29 20 42 3.649000e+01 -150.729462 75.959983 57843.160189 -34.627983 57877.8
2016 08 29 20 43 3.649000e+01 -150.740150 75.962112 57841.922631 -34.263525 57876.2
2016 08 29 20 44 3.649000e+01 -150.750892 75.964250 57841.975103 -33.886898 57875.9
2016 08 29 20 45 3.649000e+01 -150.761635 75.966397 57843.176042 -33.536408 57876.7
2016 08 29 20 46 3.649000e+01 -150.772458 75.968552 57845.964511 -33.261085 57879.2
2016 08 29 20 47 3.649000e+01 -150.783412 75.970723 57849.075977 -33.004785 57882.1
2016 08 29 20 48 3.649000e+01 -150.794363 75.972923 57851.405207 -32.732289 57884.1
2016 08 29 20 49 3.649000e+01 -150.805287 75.975143 57853.903835 -32.448835 57886.4
2016 08 29 20 50 3.649000e+01 -150.816258 75.977348 57856.604584 -32.178519 57888.8
2016 08 29 20 51 3.649000e+01 -150.827247 75.979545 57858.429009 -31.934660 57890.4
2016 08 29 20 52 3.649000e+01 -150.838150 75.981750 57859.566183 -31.701909 57891.3
2016 08 29 20 53 3.649000e+01 -150.849037 75.983978 57861.744182 -31.462831 57893.2
2016 08 29 20 54 3.649000e+01 -150.860117 75.986253 57864.055218 -31.206943 57895.3
2016 08 29 20 55 3.649000e+01 -150.870852 75.988450 57865.756646 -30.916533 57896.7
2016 08 29 20 56 3.649000e+01 -150.881785 75.990685 57867.433480 -30.608004 57898
2016 08 29 20 57 3.649000e+01 -150.892782 75.992895 57869.381383 -30.304508 57899.7
2016 08 29 20 58 3.649000e+01 -150.903812 75.995102 57871.313068 -29.999963 57901.3
2016 08 29 20 59 3.649000e+01 -150.914782 75.997320 57872.680993 -29.700296 57902.4
2016 08 29 21 00 3.649000e+01 -150.925903 75.999535 57873.500929 -29.413139 57902.9
2016 08 29 21 01 3.649000e+01 -150.936903 76.001733 57874.812799 -29.118767 57903.9
2016 08 29 21 02 3.649000e+01 -150.947912 76.003957 57875.846616 -28.808407 57904.7
2016 08 29 21 03 3.649000e+01 -150.958935 76.006165 57873.734238 -28.479379 57902.2
2016 08 29 21 04 3.649000e+01 -150.969927 76.008392 57869.794401 -28.146182 57897.9
2016 08 29 21 05 3.649000e+01 -150.981023 76.010555 57865.429796 -27.830355 57893.3
2016 08 29 21 06 3.649000e+01 -150.992005 76.012747 57860.463175 -27.527071 57888
2016 08 29 21 07 3.649000e+01 -151.002752 76.014933 57855.046499 -27.218548 57882.3
2016 08 29 21 08 3.649000e+01 -151.013717 76.017135 57849.508666 -26.904723 57876.4
2016 08 29 21 09 3.649000e+01 -151.024578 76.019333 57844.133357 -26.604680 57870.7
2016 08 29 21 10 3.649000e+01 -151.035382 76.021538 57839.508057 -26.322237 57865.8
2016 08 29 21 11 3.649000e+01 -151.046483 76.023687 57833.959337 -25.989650 57859.9
2016 08 29 21 12 3.649000e+01 -151.058220 76.025582 57827.403183 -25.616663 57853
2016 08 29 21 13 3.649000e+01 -151.070732 76.027132 57821.621395 -25.262253 57846.9
2016 08 29 21 14 3.649000e+01 -151.083917 76.028275 57816.367041 -24.915145 57841.3
2016 08 29 21 15 3.649000e+01 -151.097597 76.028902 57811.436752 -24.569099 57836
2016 08 29 21 16 3.649000e+01 -151.111537 76.029075 57807.133445 -24.245505 57831.4
2016 08 29 21 17 3.649000e+01 -151.125550 76.028905 57802.907872 -23.939674 57826.8
2016 08 29 21 18 3.649000e+01 -151.139565 76.028530 57798.210920 -23.628725 57821.8
2016 08 29 21 19 3.649000e+01 -151.153597 76.028125 57795.150822 -23.311320 57818.5
2016 08 29 21 20 3.649000e+01 -151.167705 76.027652 57792.922992 -22.997723 57815.9
2016 08 29 21 21 3.649000e+01 -151.181728 76.027107 57790.777712 -22.684612 57813.5
2016 08 29 21 22 3.649000e+01 -151.195718 76.026545 57789.076755 -22.371465 57811.4
2016 08 29 21 23 3.649000e+01 -151.209697 76.025970 57787.988258 -22.072723 57810.1
2016 08 29 21 24 3.649000e+01 -151.223730 76.025375 57786.555800 -21.786145 57808.3
2016 08 29 21 25 3.649000e+01 -151.237735 76.024768 57784.302312 -21.498091 57805.8
2016 08 29 21 26 3.649000e+01 -151.251740 76.024170 57782.886541 -21.227242 57804.1
2016 08 29 21 27 3.649000e+01 -151.265697 76.023593 57781.194820 -20.969053 57802.2
2016 08 29 21 28 3.649000e+01 -151.279705 76.023013 57778.893611 -20.702194 57799.6
2016 08 29 21 29 3.649000e+01 -151.293925 76.022587 57776.946133 -20.428300 57797.4
2016 08 29 21 30 3.649000e+01 -151.308377 76.022347 57775.170990 -20.152702 57795.3
2016 08 29 21 31 3.649000e+01 -151.322917 76.022197 57773.058901 -19.888317 57792.9
2016 08 29 21 32 3.649000e+01 -151.337470 76.022062 57770.642443 -19.621470 57790.3
2016 08 29 21 33 3.649000e+01 -151.351963 76.021942 57768.351217 -19.366099 57787.7
2016 08 29 21 34 3.649000e+01 -151.366498 76.021833 57765.744259 -19.124632 57784.9
2016 08 29 21 35 3.649000e+01 -151.381097 76.021695 57762.912018 -18.893464 57781.8
2016 08 29 21 36 3.649000e+01 -151.395708 76.021572 57760.734139 -18.669989 57779.4
2016 08 29 21 37 3.649000e+01 -151.410315 76.021460 57758.342258 -18.456626 57776.8
2016 08 29 21 38 3.649000e+01 -151.424955 76.021382 57756.377948 -18.259342 57774.6
2016 08 29 21 39 3.649000e+01 -151.439652 76.021307 57753.381846 -18.079516 57771.5
2016 08 29 21 40 3.649000e+01 -151.454328 76.021202 57750.495522 -17.909582 57768.4
2016 08 29 21 41 3.649000e+01 -151.468980 76.021075 57748.916746 -17.743095 57766.7
2016 08 29 21 42 3.649000e+01 -151.483655 76.020983 57747.535724 -17.583844 57765.1
2016 08 29 21 43 3.649000e+01 -151.498447 76.020982 57745.968397 -17.418075 57763.4
2016 08 29 21 44 3.649000e+01 -151.513120 76.020885 57743.714876 -17.242414 57761
2016 08 29 21 45 3.649000e+01 -151.527758 76.020653 57741.377779 -17.084573 57758.5
2016 08 29 21 46 3.649000e+01 -151.542280 76.020257 57738.806182 -16.935744 57755.7
2016 08 29 21 47 3.649000e+01 -151.556812 76.019795 57736.857376 -16.802159 57753.7
2016 08 29 21 48 3.649000e+01 -151.571400 76.019333 57735.199570 -16.694215 57751.9
2016 08 29 21 49 3.649000e+01 -151.585983 76.018858 57732.428093 -16.615022 57749
2016 08 29 21 50 3.649000e+01 -151.600643 76.018367 57729.392905 -16.549304 57745.9
2016 08 29 21 51 3.649000e+01 -151.615267 76.017878 57726.033548 -16.501676 57742.5
2016 08 29 21 52 3.649000e+01 -151.629902 76.017392 57722.872824 -16.476194 57739.3
2016 08 29 21 53 3.649000e+01 -151.644490 76.016908 57721.105949 -16.462677 57737.6
2016 08 29 21 54 3.649000e+01 -151.659022 76.016325 57718.866592 -16.449187 57735.3
2016 08 29 21 55 3.649000e+01 -151.673308 76.015557 57716.246953 -16.443631 57732.7
2016 08 29 21 56 3.649000e+01 -151.687530 76.014712 57714.022411 -16.449028 57730.5
2016 08 29 21 57 3.649000e+01 -151.701718 76.013860 57711.933455 -16.460343 57728.4
2016 08 29 21 58 3.649000e+01 -151.715902 76.012937 57708.922249 -16.503220 57725.4
2016 08 29 21 59 3.649000e+01 -151.729967 76.011978 57705.851396 -16.567914 57722.4
2016 08 29 22 00 3.649000e+01 -151.744000 76.011003 57703.353233 -16.628855 57720
2016 08 29 22 01 3.649000e+01 -151.758035 76.010027 57700.510449 -16.694798 57717.2
2016 08 29 22 02 3.649000e+01 -151.771997 76.009105 57697.835643 -16.786426 57714.6
2016 08 29 22 03 3.649000e+01 -151.786108 76.008148 57695.502975 -16.863427 57712.4
2016 08 29 22 04 3.649000e+01 -151.800213 76.007160 57693.636880 -16.952931 57710.6
2016 08 29 22 05 3.649000e+01 -151.814343 76.006185 57691.749303 -17.062510 57708.8
2016 08 29 22 06 3.649000e+01 -151.828450 76.005230 57689.657119 -17.182229 57706.8
2016 08 29 22 07 3.649000e+01 -151.842567 76.004263 57687.533606 -17.300632 57704.8
2016 08 29 22 08 3.649000e+01 -151.856757 76.003302 57685.631366 -17.435013 57703.1
2016 08 29 22 09 3.649000e+01 -151.870877 76.002357 57683.935068 -17.586494 57701.5
2016 08 29 22 10 3.649000e+01 -151.885025 76.001440 57682.520286 -17.733601 57700.3
2016 08 29 22 11 3.649000e+01 -151.899248 76.000513 57681.203897 -17.873748 57699.1
2016 08 29 22 12 3.649000e+01 -151.913537 75.999552 57679.636408 -18.017501 57697.7
2016 08 29 22 13 3.649000e+01 -151.927565 75.998573 57678.060359 -18.156626 57696.2
2016 08 29 22 14 3.649000e+01 -151.941563 75.997497 57677.233794 -18.281464 57695.5
2016 08 29 22 15 3.649000e+01 -151.955402 75.996327 57676.507448 -18.402303 57694.9
2016 08 29 22 16 3.649000e+01 -151.969273 75.995128 57676.403184 -18.513699 57694.9
2016 08 29 22 17 3.649000e+01 -151.983178 75.993945 57676.008611 -18.608115 57694.6
2016 08 29 22 18 3.649000e+01 -151.997145 75.992790 57675.076978 -18.708783 57693.8
2016 08 29 22 19 3.649000e+01 -152.011030 75.991615 57674.206944 -18.820886 57693
2016 08 29 22 20 3.649000e+01 -152.024917 75.990448 57673.228819 -18.927234 57692.2
2016 08 29 22 21 3.649000e+01 -152.038842 75.989288 57672.059680 -19.043099 57691.1
2016 08 29 22 22 3.649000e+01 -152.052783 75.988123 57670.530469 -19.162540 57689.7
2016 08 29 22 23 3.649000e+01 -152.066595 75.986960 57668.649740 -19.280840 57687.9
2016 08 29 22 24 3.649000e+01 -152.080558 75.985800 57666.647595 -19.397777 57686
2016 08 29 22 25 3.649000e+01 -152.094492 75.984637 57664.872034 -19.521858 57684.4
2016 08 29 22 26 3.649000e+01 -152.108388 75.983448 57662.994782 -19.648544 57682.6
2016 08 29 22 27 3.649000e+01 -152.122310 75.982288 57660.599116 -19.769004 57680.4
2016 08 29 22 28 3.649000e+01 -152.136398 75.981138 57657.883292 -19.877826 57677.8
2016 08 29 22 29 3.649000e+01 -152.150352 75.979957 57655.420443 -19.962976 57675.4
2016 08 29 22 30 3.649000e+01 -152.164355 75.978777 57653.227852 -20.029013 57673.3
2016 08 29 22 31 3.649000e+01 -152.178450 75.977625 57651.147576 -20.089292 57671.2
2016 08 29 22 32 3.649000e+01 -152.192533 75.976453 57649.025489 -20.143785 57669.2
2016 08 29 22 33 3.649000e+01 -152.206492 75.975247 57646.446585 -20.195402 57666.6
2016 08 29 22 34 3.649000e+01 -152.220467 75.974055 57643.683769 -20.250021 57663.9
2016 08 29 22 35 3.649000e+01 -152.234515 75.972888 57641.005197 -20.306687 57661.3
2016 08 29 22 36 3.649000e+01 -152.248497 75.971722 57638.453558 -20.362549 57658.8
2016 08 29 22 37 3.649000e+01 -152.262422 75.970530 57635.992006 -20.420653 57656.4
2016 08 29 22 38 3.649000e+01 -152.276387 75.969350 57633.667316 -20.493340 57654.2
2016 08 29 22 39 3.649000e+01 -152.290305 75.968125 57631.296558 -20.580968 57651.9
2016 08 29 22 40 3.949000e+01 -152.304485 75.966805 57629.603313 -20.673459 57650.3
2016 08 29 22 41 3.949000e+01 -152.318063 75.965445 57628.688730 -20.749108 57649.4
2016 08 29 22 42 3.949000e+01 -152.331545 75.964043 57627.155576 -20.830048 57648
2016 08 29 22 43 3.949000e+01 -152.344975 75.962653 57626.085021 -20.895310 57647
2016 08 29 22 44 3.949000e+01 -152.358413 75.961262 57625.317812 -20.926944 57646.2
2016 08 29 22 45 3.949000e+01 -152.371755 75.959820 57624.411506 -20.929267 57645.3
2016 08 29 22 46 3.949000e+01 -152.384790 75.958248 57623.686782 -20.937174 57644.6
2016 08 29 22 47 3.949000e+01 -152.397567 75.956587 57622.934503 -20.972749 57643.9
2016 08 29 22 48 3.949000e+01 -152.410410 75.954917 57622.333986 -21.029671 57643.4
2016 08 29 22 49 3.949000e+01 -152.423243 75.953242 57621.466880 -21.088840 57642.6
2016 08 29 22 50 3.949000e+01 -152.435988 75.951547 57619.861480 -21.130278 57641
2016 08 29 22 51 3.949000e+01 -152.448735 75.949892 57618.738912 -21.141534 57639.9
2016 08 29 22 52 3.949000e+01 -152.461530 75.948235 57618.387813 -21.133173 57639.5
2016 08 29 22 53 3.949000e+01 -152.474248 75.946565 57618.527459 -21.133900 57639.7
2016 08 29 22 54 3.949000e+01 -152.486985 75.944918 57619.304633 -21.152735 57640.5
2016 08 29 22 55 3.949000e+01 -152.499652 75.943245 57619.661318 -21.177306 57640.8
2016 08 29 22 56 3.949000e+01 -152.512343 75.941565 57619.014505 -21.193958 57640.2
2016 08 29 22 57 3.949000e+01 -152.525153 75.939898 57617.875399 -21.188495 57639.1
2016 08 29 22 58 3.949000e+01 -152.537855 75.938187 57616.571297 -21.165487 57637.7
2016 08 29 22 59 3.949000e+01 -152.550373 75.936422 57615.558557 -21.153890 57636.7
2016 08 29 23 00 3.949000e+01 -152.562760 75.934602 57615.185193 -21.155058 57636.3
2016 08 29 23 01 3.949000e+01 -152.575007 75.932725 57614.543731 -21.175672 57635.7
2016 08 29 23 02 3.949000e+01 -152.586640 75.930637 57613.303310 -21.215145 57634.5
2016 08 29 23 03 3.949000e+01 -152.597550 75.928362 57612.182203 -21.265253 57633.4
2016 08 29 23 04 3.949000e+01 -152.608225 75.926007 57611.159865 -21.325826 57632.5
2016 08 29 23 05 3.949000e+01 -152.618930 75.923652 57609.617149 -21.384486 57631
